1.687,0.445,1
1.687,0.449,1
1.687,0.449,1
1.687,0.449,1
1.687,0.449,1
1.686,0.446,1
1.684,0.451,1
1.68,0.453,1
0.753,0.457,2
0.744,0.462,2
0.735,0.467,2
0.729,0.469,2
0.723,0.477,2
0.757,0.48,2
0.76,0.483,2
0.757,0.482,2
0.761,0.482,2
0.762,0.482,2
0.765,0.482,2
0.812,0.481,2
0.814,0.48,2
0.811,0.479,2
0.908,0.478,1
1.27,0.477,1
1.639,0.476,1
1.638,0.475,1
1.637,0.474,1
1.636,0.475,1
1.635,0.475,1
1.635,0.475,1
1.635,0.475,1
1.635,0.475,1
1.633,0.475,1
1.629,0.474,1
1.624,0.473,1
1.618,0.473,1
1.611,0.473,1
1.609,0.472,1
1.603,0.471,1
0.576,0.471,2
1.581,0.471,1
1.572,0.471,1
1.562,0.47,1
1.553,0.47,1
1.179,0.47,1
1.167,0.47,1
1.159,0.471,1
1.151,0.471,1
1.143,0.471,1
1.136,0.471,1
1.128,0.472,1
1.477,0.472,1
1.129,0.473,1
1.457,0.473,1
1.448,0.474,1
1.438,0.475,1
1.428,0.486,1
1.418,0.485,1
1.409,0.486,1
1.399,0.485,1
1.39,0.486,1
1.38,0.487,1
1.37,0.489,1
1.361,0.491,1
1.354,0.494,1
1.344,0.496,3
1.33,0.498,3
1.32,0.499,3
1.31,0.501,3
1.298,0.504,3
1.285,0.507,3
1.271,0.511,3
1.256,0.515,3
1.239,0.52,3
1.223,0.525,3
1.206,0.53,3
1.188,0.535,3
1.17,0.541,3
1.152,0.548,3
1.133,0.554,3
1.114,0.56,3
1.094,0.567,3
1.075,0.573,3
1.056,0.58,3
1.037,0.586,3
1.019,0.593,3
1.001,0.599,3
0.983,0.606,3
0.966,0.612,3
0.948,0.619,3
0.931,0.625,3
0.914,0.632,3
0.898,0.638,2
0.881,0.645,2
0.864,0.652,2
0.847,0.658,2
0.83,0.66,2
0.815,0.662,2
0.801,0.667,2
0.792,0.67,2
0.792,0.665,2
0.795,0.666,2
0.796,0.665,2
0.796,0.665,2
0.796,0.665,2
0.799,0.664,2
0.799,0.664,2
0.798,0.664,2
0.799,0.664,2
0.798,0.663,2
0.797,0.666,2
0.792,0.671,2
0.791,0.684,2
0.79,0.674,2
0.789,0.66,2
0.788,0.66,2
0.787,0.659,2
0.786,0.661,2
0.785,0.665,2
0.788,0.717,2
0.787,0.833,2
0.79,0.779,2
0.814,0.668,2
0.807,0.809,2
0.786,0.805,2
0.785,0.804,2
0.787,0.854,2
0.791,0.8,2
0.794,0.786,2
0.814,0.78,2
0.88,0.776,2
1.593,0.774,3
1.593,0.77,3
1.593,0.765,3
1.593,0.765,3
1.592,0.763,3
1.591,0.763,3
1.59,0.763,3
1.588,0.763,3
1.586,0.758,3
1.576,0.759,3
1.566,0.753,3
1.555,0.751,3
0.932,0.745,3
1.525,0.739,3
1.508,0.733,3
1.494,0.727,3
1.473,0.721,3
1.454,0.715,3
1.438,0.707,3
1.419,0.7,3
1.399,0.694,3
1.379,0.69,3
1.358,0.683,3
1.338,0.673,3
1.317,0.666,3
0.891,0.663,2
1.276,0.652,3
1.255,0.645,3
1.233,0.638,3
1.212,0.627,3
1.193,0.623,3
1.174,0.613,3
1.156,0.607,3
1.138,0.6,3
1.121,0.594,3
1.105,0.588,3
1.089,0.582,3
1.074,0.576,3
1.058,0.57,3
1.043,0.564,3
1.026,0.562,3
1.009,0.555,3
0.989,0.549,3
0.733,0.539,2
0.711,0.54,2
0.679,0.53,2
0.658,0.521,2
0.65,0.515,2
0.644,0.509,2
0.639,0.504,2
0.86,0.504,2
0.859,0.496,2
0.861,0.491,2
0.865,0.491,2
0.865,0.491,2
0.865,0.49,2
0.865,0.49,2
0.865,0.489,2
0.865,0.488,2
0.868,0.487,2
0.867,0.486,2
0.87,0.485,2
0.869,0.485,2
0.74,0.484,2
0.74,0.483,2
0.861,0.482,2
0.859,0.48,2
0.857,0.478,2
0.853,0.477,2
0.85,0.475,2
0.852,0.474,2
0.852,0.472,2
0.851,0.47,2
0.854,0.467,2
0.857,0.465,2
0.873,0.462,2
1.491,0.46,1
1.202,0.458,1
1.201,0.456,1
1.2,0.455,1
1.198,0.454,1
1.198,0.455,1
1.198,0.455,1
1.197,0.456,1
1.198,0.456,1
1.191,0.457,1
1.186,0.458,1
1.567,0.459,1
1.208,0.461,1
1.553,0.462,1
1.191,0.464,1
1.535,0.465,1
1.528,0.466,1
1.519,0.468,1
1.512,0.47,1
1.416,0.471,1
1.522,0.473,1
1.475,0.476,1
1.487,0.478,1
1.473,0.48,1
1.472,0.483,1
1.459,0.486,1
1.462,0.489,1
1.34,0.491,1
1.335,0.494,1
1.421,0.497,3
1.421,0.5,3
1.414,0.504,3
1.404,0.507,3
1.393,0.511,3
1.381,0.515,3
1.368,0.52,3
1.353,0.526,3
1.309,0.531,3
1.293,0.538,3
1.273,0.545,3
1.287,0.551,3
1.269,0.559,3
1.22,0.566,3
1.202,0.574,3
1.183,0.581,3
1.165,0.589,3
1.143,0.597,3
1.128,0.604,3
1.106,0.612,3
1.09,0.619,3
1.068,0.627,3
1.049,0.635,3
1.03,0.642,3
1.012,0.65,3
0.994,0.657,3
0.975,0.664,3
0.957,0.672,3
0.942,0.679,3
1.173,0.686,3
1.16,0.695,3
1.148,0.702,3
1.139,0.707,3
1.128,0.702,3
1.126,0.704,3
1.473,0.71,3
1.454,0.713,3
1.434,0.719,3
1.412,0.726,3
1.063,0.733,3
1.05,0.741,3
1.04,0.748,3
1.03,0.756,3
1.021,0.763,3
1.011,0.771,3
0.642,0.778,2
0.622,0.786,2
0.606,0.793,2
0.589,0.801,2
0.574,0.805,2
0.559,0.807,2
0.547,0.797,2
0.541,0.786,2
0.549,0.784,2
0.983,0.78,3
0.984,0.78,3
0.983,0.78,3
0.983,0.78,3
0.981,0.78,3
0.98,0.78,3
0.979,0.779,3
0.978,0.779,3
0.978,0.779,3
0.977,0.779,3
0.976,0.778,3
0.974,0.778,3
0.972,0.777,3
0.968,0.777,3
0.961,0.776,3
0.952,0.775,3
0.937,0.773,3
0.924,0.775,3
0.91,0.774,3
0.895,0.773,2
0.88,0.779,2
0.864,0.779,2
0.847,0.779,2
0.832,0.778,2
0.817,0.775,2
0.804,0.771,2
0.793,0.771,2
0.792,0.769,2
0.789,0.768,2
0.791,0.767,2
0.792,0.766,2
0.792,0.766,2
0.792,0.765,2
0.791,0.765,2
0.79,0.764,2
0.791,0.766,2
0.79,0.766,2
0.79,0.769,2
0.789,0.872,2
0.789,0.87,2
0.789,0.865,2
0.788,0.772,2
0.787,0.759,2
0.786,0.753,2
0.785,0.751,2
0.785,0.749,2
0.784,0.746,2
0.787,0.744,2
1.815,0.746,3
0.81,0.381,2
0.789,0.376,2
0.785,0.374,2
0.785,0.374,2
0.785,0.373,2
0.785,0.373,2
0.785,0.372,2
0.785,0.372,2
0.785,0.371,2
0.788,0.37,2
0.788,0.37,2
0.788,0.372,2
0.791,0.751,2
0.798,0.743,2
0.811,0.836,2
1.824,0.835,3
1.821,0.371,1
1.817,0.363,1
1.816,0.357,1
1.814,0.357,1
1.813,0.357,1
1.813,0.357,1
1.81,0.357,1
1.81,0.356,1
1.81,0.356,1
0.963,0.356,1
1.81,0.356,1
0.957,0.357,1
1.799,0.357,1
0.937,0.358,1
0.93,0.362,1
0.919,0.747,3
0.912,0.746,3
0.905,0.742,3
0.9,0.738,2
0.898,0.734,2
1.727,0.383,1
2.715,0.374,1
2.094,0.374,1
2.693,0.378,1
2.681,0.386,1
2.67,0.7,3
2.66,0.697,3
2.651,0.693,3
2.644,0.69,3
2.634,0.687,3
2.622,0.683,3
2.618,0.68,3
2.595,0.676,3
1.567,0.672,3
1.557,0.668,3
1.537,0.664,3
2.528,0.66,3
1.499,0.655,3
1.478,0.651,3
1.459,0.647,3
1.441,0.538,3
1.422,0.64,3
1.407,0.636,3
1.388,0.632,3
1.369,0.628,3
1.35,0.624,3
1.331,0.62,3
1.309,0.616,3
1.294,0.612,3
1.275,0.608,3
2.249,0.604,3
2.23,0.599,3
2.21,0.595,3
2.191,0.589,3
2.171,0.585,3
2.151,0.583,3
2.131,0.58,3
2.111,0.576,3
2.092,0.572,3
2.072,0.568,3
2.053,0.564,3
2.034,0.561,3
2.014,0.557,3
1.994,0.553,3
1.975,0.549,3
1.955,0.545,3
1.935,0.541,3
1.916,0.537,3
1.897,0.533,3
1.878,0.53,3
1.859,0.526,3
1.84,0.522,3
1.822,0.518,3
0.584,0.515,2
0.577,0.511,2
0.577,0.507,2
0.573,0.504,2
0.79,0.5,2
0.777,0.497,2
0.765,0.494,2
0.76,0.491,2
0.761,0.49,2
0.769,0.49,2
0.77,0.489,2
0.773,0.49,2
0.773,0.489,2
0.77,0.489,2
0.773,0.488,2
1.501,0.487,1
1.495,0.487,1
1.494,0.486,1
1.491,0.485,1
1.496,0.485,1
1.702,0.485,1
1.492,0.485,1
1.491,0.485,1
1.492,0.485,1
1.694,0.484,1
1.689,0.483,1
1.682,0.483,1
1.675,0.482,1
1.666,0.481,1
1.656,0.48,1
0.583,0.479,2
1.635,0.478,1
1.624,0.478,1
1.613,0.478,1
1.603,0.477,1
1.593,0.477,1
1.584,0.478,1
1.575,0.477,1
1.567,0.478,1
1.559,0.478,1
1.55,0.478,1
1.541,0.479,1
1.531,0.48,1
1.521,0.48,1
1.511,0.481,1
1.316,0.482,1
1.304,0.483,1
1.296,0.484,1
1.291,0.485,1
1.283,0.486,1
1.278,0.487,1
1.273,0.488,1
1.432,0.49,1
1.422,0.491,1
1.412,0.493,1
1.402,0.494,1
1.392,0.496,3
1.382,0.498,3
1.372,0.499,3
1.361,0.501,3
1.349,0.503,3
1.336,0.506,3
1.322,0.509,3
1.308,0.513,3
1.292,0.516,3
1.275,0.521,3
1.259,0.526,3
1.241,0.531,3
1.223,0.536,3
1.205,0.541,3
1.186,0.547,3
1.168,0.553,3
1.15,0.559,3
1.131,0.565,3
1.113,0.571,3
1.094,0.578,3
1.075,0.584,3
1.056,0.591,3
1.037,0.597,3
1.018,0.604,3
0.998,0.608,3
0.979,0.615,3
0.959,0.623,3
0.94,0.631,3
0.923,0.638,3
0.904,0.645,3
0.882,0.652,2
0.864,0.658,2
0.846,0.665,2
0.827,0.671,2
0.809,0.678,2
0.792,0.684,2
0.776,0.689,2
0.767,0.69,2
0.767,0.687,2
0.769,0.686,2
0.77,0.685,2
0.77,0.685,2
0.769,0.685,2
0.769,0.684,2
0.769,0.684,2
0.769,0.683,2
0.768,0.683,2
0.768,0.682,2
0.768,0.681,2
0.769,0.68,2
0.765,0.682,2
0.763,0.684,2
0.762,0.683,2
0.761,0.681,2
0.76,0.677,2
0.759,0.676,2
0.758,0.679,2
0.757,0.679,2
0.756,0.682,2
0.755,0.689,2
0.762,0.72,2
0.769,0.783,2
0.772,0.685,2
0.758,0.779,2
0.758,0.779,2
0.758,0.776,2
0.761,0.851,2
0.764,0.713,2
0.768,0.753,2
1.566,0.749,3
1.567,0.745,3
1.568,0.711,3
1.57,0.741,3
1.572,0.74,3
1.567,0.742,3
1.56,0.724,3
1.551,0.734,3
1.54,0.726,3
1.527,0.72,3
1.513,0.714,3
1.497,0.707,3
1.481,0.7,3
1.464,0.693,3
1.447,0.686,3
1.429,0.678,3
1.411,0.671,3
1.392,0.664,3
1.374,0.656,3
1.355,0.648,3
1.335,0.644,3
1.316,0.638,3
1.297,0.63,3
1.278,0.624,3
1.262,0.617,3
1.24,0.61,3
1.223,0.604,3
1.2,0.597,3
1.18,0.587,3
1.161,0.58,3
1.141,0.574,3
1.121,0.566,3
1.102,0.562,3
1.083,0.556,3
1.065,0.549,3
1.046,0.543,3
1.028,0.537,3
1.01,0.53,3
0.992,0.524,3
0.974,0.517,3
0.956,0.512,3
0.938,0.505,3
0.69,0.498,2
0.671,0.489,2
0.619,0.483,2
0.607,0.477,2
0.593,0.473,2
0.58,0.465,2
0.568,0.462,2
0.821,0.462,2
0.824,0.458,2
0.826,0.455,2
0.825,0.454,2
0.825,0.454,2
0.825,0.453,2
0.822,0.452,2
0.507,0.452,2
0.507,0.451,2
0.507,0.451,2
0.508,0.45,2
0.508,0.45,2
0.508,0.449,2
0.508,0.448,2
0.508,0.448,2
0.512,0.447,2
0.823,0.447,2
0.823,0.446,2
0.823,0.445,2
0.823,0.443,2
0.823,0.438,2
0.824,0.44,2
0.824,0.438,2
0.829,0.436,2
0.83,0.435,2
0.829,0.433,2
0.826,0.431,2
0.826,0.428,2
0.825,0.426,2
0.825,0.423,2
0.825,0.421,2
0.828,0.419,2
0.828,0.417,2
0.829,0.416,2
0.831,0.414,2
0.826,0.411,2
0.825,0.408,2
0.824,0.405,2
0.82,0.403,2
0.82,0.4,2
0.822,0.399,2
0.821,0.397,2
0.824,0.396,2
0.824,0.395,2
0.819,0.407,2
0.813,0.399,2
0.811,0.395,2
0.81,0.393,2
0.805,0.393,2
0.808,0.396,2
0.806,0.423,2
0.809,0.431,2
0.811,0.435,2
0.904,0.403,1
0.804,0.404,2
0.803,0.405,2
0.802,0.427,2
0.802,0.431,2
0.805,0.478,2
0.802,0.477,2
0.805,0.477,2
0.805,0.479,2
0.805,0.479,2
0.808,0.478,2
0.822,0.49,2
0.825,0.937,2
3.338,0.423,1
3.335,0.424,1
3.335,0.425,1
3.335,0.422,1
3.335,0.425,1
3.335,0.422,1
3.335,0.425,1
3.335,0.425,1
3.335,0.425,1
3.334,0.427,1
2.935,0.426,1
2.923,0.431,1
3.322,0.436,1
3.316,0.443,1
3.309,0.454,1
3.301,0.463,1
3.29,0.479,1
3.281,0.761,3
3.273,0.756,3
3.267,0.751,3
3.258,0.747,3
3.25,0.746,3
3.237,0.741,3
3.22,0.735,3
3.205,0.729,3
3.189,0.723,3
3.172,0.716,3
3.16,0.713,3
3.138,0.706,3
3.082,0.71,3
0.94,0.694,3
0.94,0.694,3
3.023,0.684,3
3.001,0.682,3
2.981,0.656,3
2.965,0.646,3
2.659,0.65,3
2.641,0.634,3
2.651,0.625,3
2.885,0.623,3
2.866,0.614,3
2.581,0.613,3
2.828,0.607,3
2.549,0.599,3
2.544,0.597,3
2.505,0.593,3
2.471,0.589,3
2.466,0.589,3
2.715,0.587,3
2.696,0.585,3
2.281,0.606,3
2.261,0.598,3
2.248,0.593,3
2.63,0.584,3
2.604,0.597,3
2.585,0.574,3
2.565,0.568,3
2.546,0.559,3
2.527,0.553,3
2.508,0.547,3
2.486,0.54,3
2.468,0.534,3
2.448,0.528,3
2.432,0.52,3
2.41,0.518,3
2.394,0.525,3
2.372,0.501,3
2.353,0.497,3
2.338,0.491,1
2.316,0.481,1
2.297,0.476,1
1.914,0.471,1
1.889,0.464,1
1.877,0.463,1
2.225,0.461,1
2.209,0.46,1
2.194,0.461,1
2.18,0.458,1
2.166,0.457,1
1.877,0.515,3
1.879,0.474,1
2.13,0.471,1
2.12,0.467,1
1.838,0.46,1
1.827,0.46,1
2.09,0.464,1
2.081,0.458,1
1.84,0.458,1
1.832,0.468,1
1.791,0.567,3
1.78,0.598,3
1.776,0.537,3
1.839,0.562,3
2.025,0.578,3
2.011,3.134,4
2,0.515,3
1.987,0.489,1
1.974,0.495,3
1.96,1.434,4
1.945,1.426,4
1.93,1.422,4
1.914,1.415,4
1.897,1.413,4
1.881,1.407,4
1.865,1.406,4
1.848,1.404,4
1.831,1.402,4
1.815,1.403,4
1.798,1.398,4
1.781,1.396,4
1.764,1.397,4
1.748,1.395,4
1.732,1.393,4
1.647,1.394,4
1.631,1.406,4
1.628,1.405,4
1.612,1.39,4
1.596,1.388,4
1.557,1.387,4
1.559,1.386,4
1.581,1.387,4
1.463,0.715,3
1.458,0.709,3
1.37,0.723,3
1.367,0.724,3
1.429,0.73,3
1.417,0.798,3
1.347,0.848,3
1.332,2.171,4
1.323,2.177,4
1.312,2.185,4
1.3,2.197,4
1.284,2.208,4
1.274,2.224,4
1.261,2.233,4
1.251,2.241,4
1.242,2.252,4
1.226,2.261,4
1.213,2.267,4
1.197,0.862,3
1.182,2.282,4
1.17,0.868,3
1.158,2.295,4
1.144,2.302,4
1.133,0.819,3
1.118,0.821,3
1.103,0.824,3
1.089,0.826,3
1.074,0.828,3
1.059,0.83,3
1.042,0.828,3
1.025,0.823,3
1.007,0.797,3
0.985,0.792,3
0.967,0.795,3
0.947,0.794,3
0.928,0.797,3
0.908,0.8,3
0.889,0.804,2
0.869,0.808,2
0.849,0.812,2
0.83,0.813,2
0.811,0.817,2
0.793,0.822,2
0.78,0.824,2
0.778,0.825,2
0.784,0.823,2
0.785,0.819,2
0.786,0.819,2
0.786,0.818,2
0.786,0.817,2
0.785,0.817,2
0.785,0.816,2
0.785,0.816,2
0.785,0.815,2
0.785,0.814,2
0.784,0.813,2
0.78,0.812,2
0.78,0.811,2
0.779,0.81,2
0.779,0.808,2
0.778,0.807,2
0.777,0.805,2
0.78,0.808,2
0.779,0.813,2
0.779,0.825,2
0.779,0.817,2
0.778,0.812,2
0.776,0.808,2
0.771,0.803,2
0.77,0.803,2
0.769,0.802,2
0.768,0.828,2
0.767,0.878,2
0.769,0.863,2
0.769,0.871,2
0.769,0.82,2
0.778,0.8,2
0.803,0.792,2
0.774,0.789,2
0.767,0.788,2
0.766,0.782,2
0.769,0.791,2
0.776,0.767,2
0.831,0.761,2
0.792,0.758,2
0.854,0.755,2
0.894,0.755,2
1.182,0.752,3
0.892,0.746,2
1.346,0.743,3
1.349,0.741,3
1.349,0.737,3
1.348,0.737,3
1.346,0.741,3
1.342,0.737,3
1.34,0.74,3
1.339,0.736,3
1.338,0.735,3
1.341,0.738,3
1.337,0.738,3
1.34,0.738,3
1.336,0.738,3
1.332,0.741,3
1.325,0.74,3
1.316,0.732,3
1.305,0.742,3
1.292,0.726,3
1.278,0.72,3
1.265,0.714,3
1.248,0.708,3
1.231,0.705,3
1.213,0.698,3
1.195,0.692,3
1.176,0.702,3
1.157,0.681,3
1.138,0.68,3
1.119,0.682,3
1.1,0.722,3
0.943,0.654,3
0.923,0.65,3
0.899,0.641,2
0.881,0.669,2
0.864,0.627,2
0.847,0.623,2
0.83,0.619,2
0.816,0.613,2
0.803,0.601,2
0.818,0.589,2
0.917,0.586,3
0.92,0.586,3
0.921,0.586,3
0.921,0.586,3
0.919,0.586,3
0.917,0.585,3
0.915,0.584,3
0.913,0.584,3
0.912,0.584,3
0.911,0.584,3
0.91,0.583,3
0.908,0.583,3
0.907,0.582,3
0.906,0.582,3
0.904,0.581,3
0.902,0.581,3
0.9,0.581,2
0.899,0.581,2
0.898,0.58,2
0.897,0.58,2
0.896,0.579,2
0.895,0.579,2
0.895,0.578,2
0.895,0.578,2
0.896,0.577,2
0.896,0.576,2
0.896,0.575,2
0.896,0.574,2
0.897,0.572,2
0.897,0.57,2
0.898,0.569,2
0.899,0.567,2
0.9,0.566,2
0.899,0.564,2
0.898,0.563,2
0.897,0.56,2
0.897,0.557,2
0.896,0.555,2
0.896,0.553,2
0.896,0.551,2
0.896,0.549,2
0.896,0.548,2
0.895,0.546,2
0.894,0.544,2
0.893,0.541,2
0.892,0.538,2
0.891,0.535,2
0.891,0.533,2
0.891,0.532,2
0.894,0.53,2
0.894,0.529,2
0.892,0.53,2
0.887,0.524,2
0.886,0.526,2
0.884,0.532,2
0.882,0.531,2
0.881,0.527,2
0.88,0.527,2
0.88,0.526,2
0.879,0.526,2
0.882,0.535,2
0.881,0.914,2
1.325,0.907,4
1.761,0.902,4
0.88,0.708,2
0.879,0.699,2
0.878,0.696,2
0.878,0.697,2
0.878,0.7,2
0.878,0.695,2
0.878,0.694,2
0.881,0.693,2
0.881,0.692,2
0.887,0.691,2
0.888,0.69,2
0.891,0.692,2
0.904,0.711,3
1.744,0.541,3
1.75,0.542,3
1.753,0.867,3
1.751,0.867,3
1.745,0.551,3
1.741,0.863,3
1.732,0.567,3
1.721,0.571,3
1.707,0.583,3
0.96,0.842,3
1.677,0.835,3
0.975,0.827,3
1.642,0.819,3
1.627,0.811,3
0.948,0.802,3
0.887,0.794,2
0.923,0.714,3
0.866,0.774,2
0.873,0.768,2
0.851,0.759,2
0.837,0.751,2
0.824,0.742,2
0.817,0.735,2
1.459,0.725,3
0.863,0.722,2
1.462,0.722,3
1.462,0.723,3
1.46,0.722,3
1.459,0.721,3
1.458,0.721,3
1.457,0.72,3
1.456,0.719,3
1.454,0.719,3
1.453,0.719,3
0.921,0.718,3
0.92,0.718,3
0.914,0.717,3
0.912,0.716,3
0.913,0.714,3
1.436,0.711,3
1.428,0.707,3
1.417,0.702,3
1.407,0.697,3
1.392,0.691,3
1.376,0.685,3
1.359,0.678,3
1.341,0.67,3
1.325,0.663,3
0.819,0.656,2
1.284,0.649,3
1.264,0.641,3
1.247,0.633,3
1.225,0.625,3
1.205,0.617,3
1.187,0.61,3
1.166,0.602,3
1.149,0.595,3
1.132,0.589,3
1.115,0.582,3
1.098,0.575,3
1.078,0.568,3
1.064,0.562,3
0.733,0.555,2
0.715,0.55,2
1.01,0.543,3
0.992,0.54,3
0.689,0.53,2
0.712,0.524,2
0.692,0.516,2
0.676,0.512,2
0.651,0.515,2
0.693,0.498,2
0.712,0.496,2
0.91,0.495,3
0.907,0.495,3
0.906,0.494,1
0.905,0.494,1
0.904,0.493,1
0.9,0.491,2
0.772,0.488,2
0.766,0.486,2
0.885,0.484,2
0.878,0.482,2
0.874,0.48,2
0.866,0.478,2
0.863,0.477,2
0.86,0.476,2
0.86,0.475,2
0.859,0.474,2
0.857,0.473,2
0.856,0.472,2
0.855,0.472,2
0.852,0.471,2
0.851,0.471,2
0.848,0.469,2
0.85,0.468,2
0.846,0.466,2
0.848,0.464,2
0.851,0.461,2
0.85,0.459,2
0.853,0.457,2
1.493,0.455,1
1.492,0.453,1
1.2,0.451,1
1.199,0.449,1
1.197,0.448,1
1.196,0.448,1
1.195,0.448,1
1.195,0.448,1
1.196,0.448,1
1.195,0.448,1
1.195,0.448,1
1.194,0.448,1
1.193,0.449,1
1.191,0.449,1
1.191,0.45,1
1.19,0.451,1
1.57,0.453,1
1.206,0.454,1
1.558,0.455,1
1.549,0.456,1
1.54,0.457,1
1.534,0.459,1
1.553,0.461,1
1.54,0.463,1
1.504,0.466,1
1.493,0.468,1
1.476,0.471,1
1.467,0.474,1
1.488,0.476,1
1.463,0.479,1
1.468,0.482,1
1.459,0.485,1
1.424,0.488,1
1.414,0.491,1
1.428,0.494,1
1.418,0.498,3
1.38,0.502,3
1.37,0.505,3
1.36,0.509,3
1.347,0.513,3
1.338,0.519,3
1.325,0.525,3
1.31,0.532,3
1.295,0.54,3
1.279,0.548,3
1.297,0.556,3
1.284,0.564,3
1.27,0.574,3
1.257,0.582,3
1.374,0.591,3
1.364,0.601,3
1.351,0.61,3
1.341,0.619,3
1.329,0.628,3
1.319,0.638,3
1.31,0.647,3
1.301,0.657,3
1.292,0.666,3
1.511,0.676,3
1.495,0.685,3
1.476,0.698,3
1.451,0.705,3
1.434,0.715,3
1.419,0.724,3
0.94,0.727,3
0.917,0.73,3
0.897,0.736,2
0.878,0.743,2
0.862,0.75,2
0.846,0.757,2
0.831,0.765,2
0.816,0.769,2
0.804,0.779,2
0.795,0.783,2
0.794,0.782,2
0.799,0.78,2
0.799,0.78,2
0.799,0.783,2
0.799,0.782,2
0.803,0.786,2
1.257,0.785,3
1.257,0.788,3
1.264,0.811,3
1.273,0.807,3
1.415,0.812,3
1.275,0.817,3
1.273,0.82,3
1.4,0.828,3
1.389,0.802,3
1.223,0.806,3
1.362,0.814,3
1.19,0.827,3
1.172,0.837,3
1.156,0.85,3
1.137,0.868,3
1.122,0.875,3
1.106,0.9,3
1.086,0.899,3
1.07,0.904,4
1.052,0.904,4
1.036,0.908,4
1.018,0.908,4
1.001,0.906,4
0.983,0.91,4
0.967,0.946,4
0.954,0.988,4
0.938,0.911,4
0.922,0.909,4
0.907,0.911,4
0.892,0.912,2
0.878,0.914,2
0.861,0.919,2
0.849,0.918,2
0.837,0.92,2
0.827,0.922,2
0.825,0.921,2
0.827,0.916,2
0.829,0.914,2
0.829,0.914,2
0.829,0.914,2
0.829,0.914,2
0.828,0.913,2
0.831,0.912,2
0.831,0.911,2
0.826,0.897,2
0.825,0.897,2
0.823,0.893,2
0.821,0.888,2
0.82,1.001,2
0.819,0.904,2
0.817,0.897,2
0.816,0.499,2
0.816,0.489,2
0.815,0.484,2
0.817,0.482,2
0.858,0.483,2
0.86,0.502,2
0.818,0.837,2
0.817,0.833,2
0.817,0.482,2
0.82,0.472,2
0.827,0.469,2
0.844,0.467,2
0.917,0.468,1
0.916,0.802,3
0.925,0.799,3
1.713,0.796,3
1.713,0.795,3
1.711,0.795,3
1.705,0.795,3
1.699,0.793,3
1.689,0.789,3
1.681,0.785,3
1.668,0.481,1
1.653,0.476,1
1.636,0.478,1
1.616,0.484,1
1.603,0.487,1
1.586,0.497,3
1.571,0.507,3
1.556,0.736,3
1.552,0.731,3
1.555,0.726,3
2.482,0.72,3
2.468,0.714,3
2.453,0.709,3
2.437,0.577,3
2.421,0.571,3
2.404,0.58,3
2.386,0.598,3
2.371,0.604,3
2.352,0.616,3
2.334,0.629,3
2.315,0.642,3
2.296,0.648,3
2.277,0.641,3
2.258,0.634,3
2.24,0.626,3
2.221,0.621,3
2.002,0.616,3
1.985,0.606,3
1.965,0.601,3
1.944,0.591,3
1.924,0.585,3
1.9,0.58,3
1.88,0.571,3
1.098,0.565,3
1.076,0.558,3
1.054,0.552,3
1.032,0.545,3
1.007,0.539,3
0.991,0.534,3
0.969,0.528,3
0.95,0.518,3
0.932,0.514,3
0.913,0.505,3
0.896,0.501,2
0.878,0.495,2
0.861,0.488,2
0.843,0.481,2
0.826,0.475,2
0.81,0.472,2
1.553,0.466,1
1.542,0.458,1
1.543,0.453,1
1.545,0.453,1
1.544,0.453,1
1.542,0.453,1
1.541,0.452,1
1.541,0.452,1
1.54,0.452,1
1.541,0.452,1
1.541,0.452,1
1.54,0.452,1
1.54,0.452,1
1.54,0.452,1
1.539,0.451,1
1.537,0.451,1
0.504,0.449,2
0.503,0.447,2
0.501,0.445,2
0.5,0.442,2
0.495,0.439,2
0.497,0.437,2
0.496,0.435,2
0.496,0.433,2
0.747,0.432,2
0.744,0.432,2
0.745,0.432,2
0.742,0.431,2
0.742,0.431,2
0.742,0.427,2
0.741,0.426,2
0.741,0.425,2
0.738,0.427,2
0.738,0.426,2
0.738,0.426,2
0.741,0.426,2
0.74,0.425,2
0.743,0.424,2
1.493,0.423,1
1.496,0.422,1
1.732,0.42,1
1.731,0.418,1
1.731,0.418,1
1.731,0.418,1
1.732,0.418,1
1.731,0.418,1
1.731,0.418,1
1.731,0.418,1
1.731,0.418,1
1.731,0.418,1
1.731,0.418,1
1.729,0.418,1
1.726,0.418,1
1.721,0.417,1
1.714,0.417,1
1.707,0.416,1
1.698,0.416,1
1.689,0.416,1
1.679,0.416,1
1.668,0.416,1
1.657,0.416,1
1.647,0.416,1
1.636,0.417,1
1.411,0.418,1
1.615,0.42,1
1.604,0.421,1
1.594,0.422,1
1.584,0.423,1
1.36,0.425,1
1.348,0.426,1
1.34,0.428,1
1.331,0.429,1
1.323,0.431,1
1.314,0.433,1
1.305,0.435,1
1.298,0.437,1
1.289,0.439,1
1.285,0.441,1
1.473,0.443,1
1.463,0.445,1
1.452,0.447,1
1.442,0.449,1
1.432,0.451,1
1.422,0.453,1
1.411,0.455,1
1.401,0.458,1
1.391,0.46,1
1.381,0.462,1
1.371,0.465,1
1.362,0.467,1
1.352,0.469,1
1.343,0.472,1
1.333,0.474,1
1.324,0.477,1
1.314,0.48,1
1.305,0.483,1
1.295,0.486,1
1.286,0.489,1
1.277,0.493,1
1.271,0.497,3
1.259,0.5,3
1.25,0.503,3
1.245,0.507,3
1.236,0.511,3
1.225,0.516,3
1.213,0.522,3
1.199,0.528,3
1.185,0.536,3
1.17,0.543,3
1.154,0.551,3
1.138,0.564,3
1.121,0.573,3
1.101,0.579,3
1.084,0.592,3
1.066,0.604,3
1.049,0.715,3
1.031,0.634,3
1.027,0.638,3
0.998,0.668,3
0.982,0.657,3
0.962,0.669,3
0.946,0.683,3
0.93,0.691,3
0.914,0.706,3
0.899,0.717,2
0.883,0.725,2
0.867,0.739,2
0.851,0.75,2
0.835,0.762,2
0.819,0.772,2
0.806,0.781,2
0.8,0.78,2
0.801,0.779,2
0.802,0.777,2
0.802,0.777,2
0.801,0.778,2
0.8,0.778,2
0.8,0.777,2
0.799,0.778,2
0.799,0.78,2
0.799,0.778,2
0.798,0.781,2
0.797,0.781,2
0.796,0.781,2
0.795,0.782,2
0.795,0.786,2
0.794,0.789,2
0.793,0.796,2
0.796,0.793,2
0.796,0.827,2
0.796,0.826,2
0.799,0.824,2
0.803,0.793,2
0.81,0.819,2
0.798,0.816,2
0.795,0.813,2
0.794,0.808,2
0.794,0.808,2
0.797,0.806,2
0.8,0.809,2
0.801,0.792,2
0.821,0.789,2
1.463,0.783,3
1.461,0.78,3
1.466,0.777,3
1.467,0.775,3
1.466,0.774,3
1.462,0.772,3
1.456,0.771,3
1.448,0.768,3
1.437,0.763,3
1.425,0.757,3
1.411,0.751,3
1.395,0.745,3
1.379,0.738,3
1.362,0.732,3
1.345,0.725,3
1.328,0.717,3
1.309,0.71,3
1.291,0.703,3
1.273,0.696,3
1.257,0.689,3
1.235,0.682,3
1.216,0.675,3
1.196,0.668,3
1.177,0.661,3
1.159,0.654,3
1.14,0.647,3
1.122,0.64,3
1.103,0.633,3
1.085,0.626,3
1.066,0.619,3
1.046,0.612,3
1.027,0.604,3
1.009,0.597,3
0.99,0.59,3
0.971,0.583,3
0.775,0.576,2
0.759,0.569,2
0.712,0.562,2
0.689,0.554,2
0.674,0.547,2
0.656,0.54,2
0.655,0.534,2
0.847,0.533,2
0.85,0.535,2
0.852,0.531,2
0.853,0.531,2
0.853,0.527,2
0.852,0.526,2
0.852,0.525,2
0.584,0.524,2
0.582,0.523,2
0.582,0.522,2
0.852,0.521,2
0.582,0.52,2
0.583,0.52,2
0.85,0.519,2
0.849,0.518,2
0.849,0.517,2
0.85,0.517,2
0.85,0.516,2
0.851,0.515,2
0.851,0.513,2
0.852,0.512,2
0.855,0.51,2
0.857,0.509,2
0.858,0.508,2
0.858,0.507,2
0.602,0.504,2
0.854,0.501,2
0.854,0.498,2
0.854,0.496,2
0.854,0.494,2
0.857,0.492,2
0.858,0.49,2
0.857,0.488,2
0.856,0.486,2
0.855,0.483,2
0.851,0.48,2
0.85,0.477,2
0.852,0.475,2
0.851,0.473,2
0.851,0.471,2
0.851,0.47,2
0.854,0.468,2
0.852,0.467,2
0.847,0.469,2
0.845,0.47,2
0.841,0.466,2
0.839,0.465,2
0.841,0.464,2
0.84,0.463,2
0.839,0.467,2
0.838,0.48,2
5,0.506,3
5,0.575,3
5,0.475,1
5,0.476,1
0.939,0.565,3
5,0.569,3
5,0.569,3
5,0.569,3
5,0.566,3
5,0.483,1
5,0.573,3
5,0.573,3
0.816,0.506,2
0.806,0.516,2
0.794,0.528,2
0.784,0.54,2
0.772,0.552,2
0.764,0.565,2
0.756,0.606,2
0.752,0.772,2
0.753,0.993,2
0.758,0.992,2
0.758,0.595,2
0.758,0.991,2
0.758,0.597,2
0.758,0.594,2
0.761,0.986,2
0.774,0.988,2
0.777,0.762,2
3.163,0.589,3
3.163,0.587,3
3.164,0.589,3
3.163,0.597,3
3.162,0.598,3
3.158,0.598,3
3.151,0.604,3
3.142,0.613,3
3.131,0.627,3
3.118,0.722,3
3.104,0.715,3
3.088,0.708,3
3.072,0.7,3
3.055,0.692,3
3.037,0.684,3
3.019,0.675,3
3,0.667,3
2.982,0.658,3
2.964,0.649,3
2.945,0.641,3
2.928,0.632,3
2.91,0.624,3
0.808,0.616,2
0.789,0.609,2
0.758,0.601,2
0.759,0.593,2
0.747,0.586,2
2.801,0.621,3
2.786,0.611,3
2.776,0.605,3
2.769,0.603,3
2.765,0.598,3
2.769,0.599,3
2.766,0.6,3
2.764,0.6,3
2.763,0.599,3
2.761,0.598,3
2.758,0.597,3
2.753,0.595,3
2.745,0.592,3
2.734,0.578,3
2.722,0.583,3
2.708,0.574,3
2.693,0.551,3
2.678,0.551,3
2.661,0.558,3
2.644,0.55,3
2.626,0.546,3
2.608,0.536,3
2.589,0.528,3
2.57,0.521,3
2.55,0.513,3
2.531,0.505,3
2.511,0.498,3
2.491,0.49,1
2.472,0.482,1
2.452,0.474,1
2.433,0.466,1
2.415,0.457,1
2.397,0.45,1
2.38,0.443,1
2.363,0.436,1
2.348,0.43,1
2.333,0.427,1
2.319,0.425,1
2.307,0.437,1
1.793,0.426,1
1.78,0.418,1
1.768,0.426,1
1.757,0.403,1
1.749,0.397,1
1.745,0.394,1
2.243,0.392,1
2.236,0.39,1
2.229,0.388,1
2.222,0.386,1
2.218,0.387,1
2.212,0.388,1
2.205,0.387,1
2.199,0.504,3
2.192,0.432,1
2.185,0.381,1
2.177,0.38,1
2.165,0.376,1
2.156,0.379,1
2.147,0.428,1
2.137,0.42,1
2.127,0.422,1
2.116,0.452,1
2.105,0.426,1
2.094,0.388,1
2.083,0.39,1
2.072,0.427,1
2.062,0.401,1
2.051,1.407,4
2.04,1.401,4
2.028,1.399,4
2.015,1.4,4
2.002,1.399,4
1.988,1.395,4
1.973,1.391,4
1.958,1.391,4
1.943,1.39,4
1.928,1.387,4
1.912,1.386,4
1.897,1.386,4
1.882,1.382,4
1.867,1.381,4
1.852,1.381,4
1.838,1.381,4
1.824,1.381,4
1.811,1.384,4
1.799,1.383,4
1.787,1.386,4
1.68,1.417,4
1.671,1.384,4
1.745,1.38,4
1.601,1.379,4
1.599,1.38,4
1.605,0.621,3
1.395,0.622,3
1.385,0.629,3
1.369,0.639,3
1.36,0.72,3
1.399,0.744,3
1.408,0.751,3
1.372,0.764,3
1.327,0.889,3
1.317,0.9,3
1.308,0.923,4
1.291,0.937,4
1.277,2.127,4
1.263,2.14,4
1.249,2.153,4
1.235,2.165,4
1.221,2.177,4
1.208,2.191,4
1.195,2.202,4
1.183,2.213,4
1.17,2.222,4
1.158,2.228,4
1.149,2.234,4
1.137,2.243,4
1.128,2.251,4
1.117,2.255,4
1.104,2.263,4
1.091,2.271,4
1.078,2.278,4
1.061,0.785,3
1.045,0.786,3
1.033,0.784,3
1.02,0.755,3
1.008,0.758,3
1.001,0.762,3
0.988,0.762,3
0.974,0.765,3
0.959,0.769,3
0.942,0.769,3
0.921,0.773,3
0.902,0.776,3
0.882,0.78,2
0.863,0.781,2
0.843,0.785,2
0.823,0.789,2
0.803,0.789,2
0.785,0.792,2
0.773,0.797,2
0.77,0.795,2
0.773,0.794,2
0.776,0.793,2
0.778,0.793,2
0.778,0.793,2
0.777,0.792,2
0.777,0.793,2
0.777,0.792,2
0.778,0.792,2
0.778,0.793,2
0.778,0.792,2
0.78,0.788,2
0.78,0.788,2
0.78,0.787,2
0.78,0.786,2
0.78,0.785,2
0.78,0.784,2
0.782,0.783,2
0.782,0.779,2
0.78,0.778,2
0.777,0.776,2
0.776,0.778,2
0.776,0.776,2
0.775,0.775,2
0.775,0.773,2
0.778,0.776,2
0.778,0.798,2
0.776,0.785,2
0.772,0.777,2
0.771,0.776,2
0.77,0.772,2
0.768,0.768,2
0.767,0.77,2
0.766,0.856,2
0.765,0.82,2
0.768,0.817,2
0.767,0.799,2
0.767,0.791,2
0.827,0.789,2
0.789,0.84,2
0.765,0.791,2
0.765,0.781,2
0.768,0.832,2
0.771,0.768,2
0.781,0.762,2
0.851,0.755,2
0.847,0.753,2
0.87,0.75,2
0.904,0.751,3
0.9,0.748,2
1.38,0.758,3
1.384,0.738,3
1.384,0.734,3
1.384,0.737,3
1.38,0.735,3
1.379,0.741,3
1.381,0.737,3
1.378,0.737,3
1.37,0.735,3
1.365,0.733,3
1.35,0.729,3
1.34,0.723,3
1.326,0.722,3
1.306,0.719,3
1.293,0.713,3
1.275,0.714,3
1.257,0.715,3
1.238,0.707,3
1.22,0.697,3
1.202,0.704,3
1.183,0.692,3
1.163,0.698,3
1.144,0.673,3
1.124,0.67,3
1.104,0.664,3
1.084,0.648,3
0.927,0.649,3
0.899,0.638,2
0.879,0.635,2
0.862,0.629,2
0.845,0.615,2
0.829,0.609,2
0.813,0.602,2
0.8,0.608,2
0.794,0.587,2
0.809,0.58,2
0.922,0.583,3
0.923,0.579,3
0.923,0.58,3
0.923,0.58,3
0.921,0.579,3
0.918,0.578,3
0.914,0.577,3
0.907,0.575,3
0.898,0.573,2
0.887,0.57,2
0.873,0.566,2
0.859,0.563,2
0.845,0.558,2
0.833,0.554,2
0.821,0.551,2
0.811,0.548,2
0.805,0.541,2
0.805,0.537,2
0.807,0.536,2
0.808,0.536,2
0.808,0.536,2
0.808,0.535,2
0.808,0.534,2
0.809,0.533,2
0.809,0.529,2
0.81,0.529,2
0.81,0.528,2
0.811,0.528,2
0.811,0.526,2
0.812,0.528,2
0.812,0.527,2
0.811,0.527,2
0.811,0.525,2
0.81,0.53,2
0.809,0.523,2
0.809,0.517,2
0.808,0.512,2
0.808,0.509,2
0.808,0.51,2
0.807,0.509,2
0.806,0.511,2
0.805,0.516,2
0.803,0.514,2
0.803,0.503,2
0.802,0.498,2
0.802,0.492,2
0.802,0.49,2
0.805,0.491,2
0.804,0.49,2
0.798,0.513,2
0.797,0.591,2
0.795,0.515,2
0.794,0.487,2
0.793,0.486,2
0.792,0.486,2
0.791,0.854,2
0.794,0.833,2
0.793,0.822,2
0.831,0.644,2
0.82,0.631,2
0.792,0.625,2
0.792,0.622,2
0.795,0.624,2
0.798,0.502,2
0.801,0.503,2
0.815,0.511,2
0.945,0.513,3
0.944,0.777,3
1.738,0.774,3
1.738,0.772,3
1.737,0.774,3
1.735,0.774,3
1.735,0.774,3
1.733,0.773,3
1.731,0.769,3
1.726,0.767,3
1.719,0.764,3
1.709,0.76,3
1.696,0.757,3
1.682,0.751,3
0.94,0.746,3
0.926,0.74,3
0.908,0.732,3
0.899,0.726,2
0.878,0.718,2
0.866,0.711,2
1.558,0.704,3
0.845,0.697,2
0.832,0.69,2
0.902,0.684,3
0.806,0.682,2
1.483,0.676,3
1.477,0.672,3
1.476,0.672,3
1.476,0.674,3
1.474,0.67,3
1.472,0.67,3
1.47,0.669,3
1.468,0.668,3
0.851,0.67,2
1.465,0.667,3
0.848,0.667,2
1.463,0.672,3
1.462,0.671,3
1.46,0.67,3
1.458,0.665,3
1.457,0.664,3
1.455,0.664,3
1.453,0.663,3
1.452,0.666,3
1.449,0.659,3
0.9,0.661,2
0.898,0.664,2
0.894,0.659,2
1.432,0.653,3
1.425,0.65,3
1.415,0.644,3
1.408,0.641,3
1.4,0.638,3
1.391,0.635,3
1.379,0.631,3
1.366,0.627,3
1.352,0.623,3
1.336,0.619,3
1.322,0.614,3
1.305,0.61,3
1.288,0.605,3
1.27,0.601,3
1.252,0.597,3
1.234,0.593,3
1.215,0.589,3
1.197,0.584,3
1.182,0.579,3
1.164,0.575,3
1.146,0.571,3
1.128,0.566,3
1.111,0.562,3
1.097,0.558,3
1.08,0.554,3
1.066,0.55,3
1.048,0.543,3
1.03,0.539,3
1.009,0.536,3
0.988,0.533,3
0.971,0.53,3
0.954,0.528,3
0.935,0.525,3
0.919,0.523,3
0.899,0.52,2
0.882,0.518,2
0.865,0.515,2
0.848,0.513,2
0.833,0.51,2
0.818,0.507,2
0.806,0.505,2
0.803,0.502,2
0.804,0.501,2
0.806,0.501,2
0.806,0.501,2
0.806,0.501,2
0.805,0.5,2
0.805,0.5,2
0.808,0.499,2
0.809,0.499,2
0.805,0.498,2
0.808,0.497,2
0.814,0.495,2
1.074,0.493,1
1.07,0.49,1
1.069,0.489,1
0.82,0.487,2
1.473,0.485,1
1.472,0.486,1
1.072,0.486,1
1.471,0.486,1
1.471,0.486,1
1.471,0.486,1
1.471,0.486,1
1.47,0.486,1
1.47,0.485,1
1.47,0.485,1
1.468,0.486,1
1.466,0.486,1
1.462,0.486,1
1.458,0.486,1
1.452,0.487,1
1.445,0.488,1
1.437,0.488,1
1.425,0.49,1
1.417,0.491,1
1.412,0.493,1
1.404,0.494,1
1.393,0.496,3
1.385,0.497,3
1.377,0.498,3
1.369,0.5,3
1.363,0.502,3
1.353,0.505,3
1.342,0.509,3
1.33,0.513,3
1.318,0.518,3
1.305,0.523,3
1.293,0.529,3
1.28,0.534,3
1.267,0.54,3
1.252,0.546,3
1.233,0.552,3
1.217,0.558,3
1.199,0.564,3
1.179,0.57,3
1.16,0.576,3
1.141,0.583,3
1.122,0.589,3
1.101,0.595,3
1.085,0.601,3
1.065,0.607,3
1.045,0.613,3
1.026,0.619,3
1.008,0.625,3
0.989,0.63,3
0.971,0.632,3
0.952,0.631,3
0.934,0.634,3
0.879,0.637,2
0.857,0.64,2
0.835,0.644,2
0.816,0.649,2
0.794,0.653,2
0.776,0.661,2
0.762,0.66,2
0.756,0.658,2
0.757,0.652,2
0.76,0.651,2
0.761,0.65,2
0.761,0.65,2
0.76,0.649,2
0.763,0.649,2
0.763,0.648,2
0.767,0.648,2
0.77,0.647,2
1.461,0.646,3
1.461,0.646,3
1.462,0.644,3
1.036,0.644,3
1.035,0.644,3
1.034,0.645,3
1.032,0.646,3
1.031,0.648,3
1.023,0.651,3
1.018,0.656,3
1.012,0.661,3
1.002,0.667,3
0.998,0.674,3
0.989,0.685,3
0.981,0.693,3
0.664,0.702,2
0.641,0.71,2
0.619,0.718,2
0.602,0.724,2
0.586,0.732,2
0.569,0.736,2
0.558,0.737,2
0.548,0.74,2
0.544,0.738,2
0.545,0.736,2
0.549,0.735,2
0.55,0.735,2
0.55,0.735,2
0.549,0.732,2
0.553,0.734,2
1.011,0.733,3
1.012,0.732,3
1.015,0.732,3
1.014,0.731,3
1.023,0.732,3
1.015,0.732,3
1.009,0.733,3
1.005,0.734,3
1.002,0.736,3
0.99,0.736,3
0.976,0.736,3
0.964,0.738,3
0.951,0.739,3
0.943,0.742,3
0.948,0.741,3
0.936,0.738,3
0.886,0.735,2
0.867,0.735,2
0.847,0.734,2
0.831,0.739,2
0.813,0.741,2
0.799,0.746,2
0.787,0.753,2
0.777,0.856,2
0.774,0.854,2
0.775,0.85,2
0.776,0.85,2
0.776,0.849,2
0.776,0.849,2
0.776,0.755,2
0.776,0.75,2
0.775,0.749,2
0.775,0.746,2
0.775,0.745,2
0.775,0.744,2
0.774,0.74,2
0.774,0.738,2
0.774,0.736,2
0.773,0.731,2
0.776,0.732,2
0.776,0.73,2
0.786,0.732,2
0.786,0.372,2
0.775,0.363,2
0.775,0.36,2
0.775,0.355,2
0.778,0.356,2
0.781,0.354,2
0.784,0.735,2
0.804,0.732,2
1.826,0.778,3
1.82,0.349,1
1.817,0.342,1
1.819,0.34,1
1.819,0.34,1
1.818,0.341,1
1.818,0.341,1
1.818,0.341,1
1.818,0.341,1
1.818,0.341,1
1.817,0.341,1
1.817,0.341,1
1.818,0.341,1
1.817,0.34,1
1.816,0.34,1
1.813,0.34,1
1.809,0.341,1
0.95,0.341,1
0.941,0.345,1
0.928,0.356,1
0.921,0.74,3
0.914,0.74,3
0.906,0.734,3
0.905,0.727,3
2.751,0.723,3
2.739,0.355,1
2.726,0.355,1
2.711,0.361,1
2.696,0.367,1
2.68,0.394,1
2.665,0.691,3
2.652,0.687,3
2.638,0.683,3
2.626,0.68,3
2.616,0.676,3
2.603,0.672,3
2.591,0.478,1
2.575,0.664,3
2.555,0.659,3
2.541,0.655,3
2.52,0.552,3
1.493,0.647,3
1.476,0.533,3
1.455,0.571,3
1.433,0.634,3
2.427,0.63,3
1.403,0.626,3
1.96,0.621,3
1.364,0.617,3
1.345,0.613,3
1.324,0.609,3
1.306,0.604,3
1.287,0.6,3
1.272,0.595,3
1.253,0.59,3
1.235,0.586,3
1.216,0.581,3
1.197,0.576,3
1.182,0.572,3
1.161,0.564,3
1.144,0.561,3
1.126,0.558,3
1.108,0.553,3
1.09,0.549,3
1.075,0.545,3
1.054,0.54,3
1.04,0.536,3
0.592,0.531,2
0.587,0.527,2
0.579,0.522,2
0.577,0.517,2
0.573,0.512,2
0.569,0.508,2
1.898,0.503,3
1.897,0.501,3
1.9,0.501,3
1.9,0.501,3
1.898,0.501,3
1.895,0.5,3
1.889,0.499,3
1.879,0.498,3
1.868,0.495,3
1.855,0.493,1
1.84,0.49,1
1.825,0.487,1
1.809,0.484,1
1.793,0.481,1
0.818,0.478,2
0.803,0.475,2
0.788,0.472,2
0.778,0.47,2
0.768,0.468,2
0.755,0.465,2
0.747,0.463,2
0.746,0.459,2
0.747,0.461,2
0.749,0.461,2
0.749,0.461,2
0.749,0.46,2
0.752,0.46,2
0.765,0.46,2
0.756,0.459,2
1.494,0.459,1
1.491,0.458,1
1.488,0.457,1
1.491,0.456,1
1.493,0.456,1
1.489,0.456,1
1.492,0.456,1
1.71,0.456,1
1.495,0.456,1
1.492,0.456,1
1.492,0.456,1
1.492,0.456,1
1.492,0.456,1
1.495,0.456,1
1.709,0.456,1
1.709,0.456,1
1.494,0.456,1
1.708,0.456,1
1.707,0.456,1
1.707,0.456,1
1.707,0.456,1
1.707,0.456,1
1.705,0.456,1
1.702,0.455,1
1.697,0.454,1
1.69,0.453,1
1.683,0.452,1
1.674,0.452,1
1.665,0.451,1
1.655,0.451,1
1.645,0.45,1
1.636,0.449,1
1.626,0.449,1
1.616,0.449,1
1.606,0.45,1
1.596,0.45,1
1.586,0.451,1
1.575,0.452,1
1.565,0.452,1
1.556,0.453,1
1.547,0.454,1
1.537,0.454,1
1.329,0.455,1
1.317,0.457,1
1.312,0.458,1
1.304,0.459,1
1.296,0.461,1
1.29,0.462,1
1.282,0.464,1
1.273,0.466,1
1.447,0.468,1
1.435,0.47,1
1.424,0.472,1
1.413,0.474,1
1.406,0.476,1
1.397,0.478,1
1.387,0.479,1
1.375,0.481,1
1.366,0.483,1
1.356,0.485,1
1.346,0.487,1
1.336,0.489,1
1.326,0.491,1
1.316,0.494,1
1.306,0.496,3
1.296,0.499,3
1.287,0.501,3
1.278,0.504,3
1.267,0.507,3
1.255,0.511,3
1.241,0.516,3
1.226,0.521,3
1.21,0.527,3
1.194,0.533,3
1.178,0.539,3
1.161,0.546,3
1.143,0.553,3
1.125,0.561,3
1.106,0.568,3
1.087,0.576,3
1.068,0.584,3
1.049,0.595,3
1.033,0.599,3
1.014,0.61,3
0.995,0.618,3
0.976,0.627,3
0.957,0.636,3
0.936,0.646,3
0.917,0.655,3
0.899,0.664,2
0.881,0.673,2
0.863,0.683,2
0.846,0.691,2
0.829,0.7,2
0.812,0.708,2
0.797,0.717,2
0.789,0.722,2
0.785,0.726,2
0.782,0.723,2
0.783,0.722,2
0.783,0.728,2
0.783,0.725,2
0.782,0.725,2
0.781,0.724,2
0.781,0.724,2
0.78,0.723,2
0.778,0.719,2
0.777,0.719,2
0.776,0.718,2
0.776,0.717,2
0.775,0.72,2
0.775,0.719,2
0.774,0.726,2
0.777,0.733,2
0.78,1.142,2
0.791,0.725,2
0.777,1.129,2
0.776,0.728,2
0.776,0.791,2
0.775,0.853,2
0.781,0.752,2
0.781,0.817,2
0.799,0.773,2
1.555,0.767,3
1.556,0.765,3
1.557,0.747,3
1.557,0.752,3
0.791,0.755,2
0.786,0.754,2
0.787,0.752,2
0.78,0.748,2
1.53,0.743,3
1.522,0.739,3
1.515,0.735,3
1.509,0.731,3
1.502,0.731,3
1.493,0.727,3
1.483,0.723,3
1.471,0.719,3
1.457,0.714,3
1.443,0.708,3
1.426,0.711,3
1.413,0.705,3
1.396,0.699,3
1.378,0.689,3
1.36,0.683,3
1.338,0.677,3
1.32,0.668,3
1.301,0.658,3
1.285,0.656,3
1.265,0.65,3
1.245,0.648,3
1.225,0.642,3
1.206,0.633,3
1.186,0.627,3
1.167,0.618,3
1.147,0.611,3
1.128,0.605,3
1.109,0.598,3
1.087,0.592,3
1.068,0.586,3
1.05,0.58,3
1.031,0.574,3
1.013,0.567,3
0.995,0.561,3
0.733,0.555,2
0.704,0.549,2
0.682,0.542,2
0.666,0.541,2
0.656,0.534,2
0.886,0.525,2
0.87,0.519,2
0.86,0.507,2
0.859,0.504,2
0.862,0.502,2
0.864,0.502,2
0.864,0.502,2
0.863,0.502,2
0.865,0.501,2
0.865,0.5,2
0.865,0.499,2
0.866,0.498,2
0.866,0.496,2
0.867,0.495,2
0.867,0.495,2
0.867,0.495,2
0.867,0.495,2
0.867,0.494,2
0.868,0.493,2
0.868,0.492,2
0.869,0.491,2
0.869,0.49,2
0.869,0.489,2
0.866,0.488,2
0.865,0.487,2
0.586,0.485,2
0.588,0.483,2
0.87,0.481,2
0.87,0.478,2
0.87,0.476,2
0.87,0.474,2
0.87,0.472,2
0.87,0.47,2
0.87,0.469,2
0.869,0.466,2
0.865,0.463,2
0.864,0.461,2
0.866,0.459,2
0.865,0.456,2
0.864,0.454,2
0.863,0.452,2
0.863,0.451,2
0.865,0.449,2
0.862,0.448,2
0.863,0.45,2
0.853,0.451,2
0.856,0.446,2
0.854,0.445,2
0.853,0.445,2
0.852,0.444,2
0.851,0.448,2
0.851,0.474,2
0.853,0.504,2
0.855,0.538,2
0.857,0.455,2
0.951,0.452,1
0.856,0.452,2
0.901,0.452,1
0.897,0.452,2
0.866,0.456,2
0.869,0.455,2
0.876,0.455,2
0.897,0.455,2
0.896,0.475,2
0.852,0.529,2
0.852,0.529,2
0.852,0.531,2
0.852,0.53,2
0.852,0.873,2
0.855,0.479,2
0.855,1.032,2
0.858,0.468,2
0.868,0.463,2
0.879,0.467,2
3.283,0.469,1
3.281,0.478,1
3.285,0.838,3
3.287,0.833,3
3.287,0.832,3
3.286,0.835,3
3.284,0.834,3
3.28,0.83,3
3.27,0.828,3
3.26,0.511,3
3.251,0.821,3
3.241,0.813,3
3.226,0.81,3
3.207,0.801,3
3.191,0.797,3
3.171,0.788,3
3.156,0.78,3
3.14,0.773,3
3.117,0.768,3
1.001,0.761,3
3.078,0.754,3
3.061,0.746,3
3.037,0.738,3
3.017,0.731,3
2.997,0.72,3
0.908,0.716,3
2.956,0.709,3
0.873,0.701,2
2.916,0.694,3
2.897,0.701,3
2.878,0.691,3
2.86,0.687,3
2.842,0.675,3
2.826,0.667,3
2.81,0.662,3
2.794,0.658,3
2.777,0.655,3
2.761,0.653,3
2.744,0.647,3
2.727,0.653,3
2.709,0.634,3
2.692,0.628,3
2.674,0.621,3
2.657,0.615,3
2.639,0.627,3
2.621,0.603,3
2.604,0.6,3
2.586,0.59,3
2.567,0.583,3
2.549,0.577,3
2.531,0.574,3
2.512,0.564,3
2.493,0.558,3
2.474,0.551,3
2.455,0.545,3
2.437,0.542,3
2.418,0.532,3
2.399,0.534,3
2.381,0.525,3
2.362,0.513,3
2.343,0.507,3
2.324,0.501,3
2.306,0.496,3
1.946,0.491,1
1.931,0.484,1
2.249,0.484,1
2.231,0.481,1
2.213,0.48,1
2.195,0.486,1
2.18,0.485,1
2.164,0.524,3
1.907,0.556,3
1.893,0.492,1
2.12,0.512,3
2.11,0.491,1
1.892,0.482,1
2.084,0.483,1
1.836,0.49,1
1.823,0.588,3
1.814,0.488,1
2.041,0.602,3
2.027,0.628,3
2.018,0.573,3
2.003,0.607,3
1.995,0.613,3
1.98,0.546,3
1.967,0.523,3
1.954,0.522,3
1.941,0.529,3
1.926,1.455,4
1.911,1.447,4
1.894,1.439,4
1.877,1.432,4
1.858,1.429,4
1.841,1.426,4
1.822,1.424,4
1.804,1.421,4
1.786,1.418,4
1.769,1.415,4
1.752,1.415,4
1.734,1.412,4
1.717,1.41,4
1.701,1.408,4
1.686,1.406,4
1.672,1.405,4
1.659,1.41,4
1.653,1.419,4
1.651,1.414,4
1.65,1.412,4
1.649,1.412,4
1.646,1.415,4
1.636,1.411,4
1.629,1.411,4
1.629,1.411,4
1.631,1.412,4
1.627,1.412,4
1.629,1.411,4
1.626,1.412,4
1.628,1.412,4
1.624,1.412,4
1.629,1.412,4
1.604,1.413,4
1.603,1.413,4
1.557,1.413,4
1.556,1.413,4
1.556,1.413,4
1.558,1.413,4
1.558,1.414,4
1.558,1.413,4
1.557,1.414,4
1.556,1.414,4
1.555,1.418,4
1.558,1.419,4
1.554,1.42,4
1.427,0.72,3
1.426,0.718,3
1.423,0.72,3
1.422,0.724,3
1.421,0.721,3
1.417,0.725,3
1.42,0.725,3
1.419,0.723,3
1.421,0.727,3
1.417,0.725,3
1.417,0.728,3
1.543,1.443,4
1.504,0.726,3
1.415,0.727,3
1.413,0.727,3
1.537,0.729,3
1.411,0.727,3
1.417,0.728,3
1.416,0.729,3
1.412,0.73,3
1.411,0.731,3
1.416,0.731,3
1.412,0.732,3
1.411,0.729,3
1.414,0.73,3
1.406,0.731,3
1.407,0.733,3
1.403,0.737,3
1.39,0.744,3
1.38,0.75,3
1.371,0.756,3
1.36,0.769,3
1.35,5,4
1.34,2.669,4
1.329,2.657,4
1.321,2.647,4
1.311,2.636,4
1.299,1.327,4
1.315,1.304,4
1.304,1.291,4
1.285,1.281,4
1.274,1.274,4
1.28,1.268,4
1.239,1.258,4
1.222,1.169,4
1.211,1.171,4
1.201,1.174,4
1.191,1.177,4
1.181,1.18,4
1.172,1.18,4
1.159,1.179,4
1.15,0.94,4
1.144,0.947,4
1.135,0.958,4
1.126,1.183,4
1.121,1.184,4
1.107,1.185,4
1.096,1.186,4
1.082,1.189,4
1.072,1.198,4
1.061,2.505,4
1.054,1.007,4
1.044,1.009,4
1.033,1.01,4
1.02,1.015,4
1.005,1.023,4
0.993,1.041,4
0.981,1.029,4
0.973,1.034,4
0.957,1.033,4
0.944,1.003,4
0.931,1.001,4
0.918,1.038,4
0.904,1.039,4
0.894,1.04,2
0.881,1.043,2
0.862,2.575,2
0.847,2.58,2
0.833,4.428,2
0.819,3.743,2
0.811,5,2
0.811,1.032,2
0.818,1.027,2
0.821,1.027,2
0.823,1.027,2
0.823,1.027,2
0.823,1.023,2
0.824,1.026,2
0.824,0.982,2
0.824,0.978,2
0.82,0.976,2
0.82,0.972,2
0.82,0.97,2
0.82,0.965,2
0.82,0.964,2
0.821,0.965,2
0.821,0.964,2
0.822,0.962,2
0.823,0.963,2
0.823,0.961,2
0.823,0.955,2
0.822,0.95,2
0.821,0.948,2
0.821,0.946,2
0.82,0.944,2
0.82,0.945,2
0.82,0.944,2
0.823,0.949,2
0.824,0.956,2
0.823,0.958,2
0.819,0.933,2
0.819,0.931,2
0.818,0.928,2
0.817,0.927,2
0.817,0.928,2
0.82,1.016,2
0.82,1.013,2
0.819,1.011,2
0.818,1.009,2
0.813,0.923,2
0.811,0.919,2
0.811,0.992,2
0.81,0.864,2
0.81,0.847,2
0.818,0.84,2
1.224,0.837,3
0.895,0.833,2
0.809,0.83,2
0.807,0.827,2
0.81,0.98,2
0.81,0.983,2
0.811,0.84,2
0.808,0.979,2
0.811,0.978,2
0.818,0.844,2
0.817,0.842,2
0.824,0.842,2
0.886,0.813,2
0.882,0.806,2
0.882,0.8,2
1.224,0.798,3
1.224,0.796,3
1.225,0.793,3
1.226,0.791,3
1.225,0.79,3
1.224,0.79,3
1.221,0.789,3
1.215,0.787,3
1.206,0.784,3
1.196,0.78,3
1.183,0.774,3
1.169,0.768,3
1.153,0.762,3
1.136,0.755,3
1.118,0.748,3
1.1,0.741,3
1.081,0.734,3
1.063,0.727,3
1.044,0.719,3
1.025,0.712,3
1.006,0.705,3
0.986,0.697,3
0.967,0.689,3
0.947,0.681,3
0.928,0.674,3
0.868,0.666,2
0.852,0.658,2
0.835,0.65,2
0.85,0.643,2
0.808,0.635,2
0.801,0.625,2
0.801,0.621,2
0.795,0.622,2
0.798,0.624,2
0.802,0.617,2
0.804,0.618,2
0.807,0.618,2
0.803,0.617,2
0.804,0.617,2
0.804,0.612,2
0.804,0.612,2
0.804,0.611,2
0.804,0.61,2
0.804,0.609,2
0.804,0.607,2
0.804,0.605,2
0.804,0.596,2
0.804,0.594,2
0.804,0.589,2
0.804,0.584,2
0.805,0.583,2
0.806,0.581,2
0.807,0.579,2
0.808,0.581,2
0.807,0.58,2
0.807,0.58,2
0.807,0.58,2
0.807,0.58,2
0.807,0.58,2
0.807,0.579,2
0.807,0.582,2
0.808,0.581,2
0.808,0.579,2
0.808,0.574,2
0.808,0.572,2
0.808,0.571,2
0.808,0.569,2
0.807,0.567,2
0.808,0.565,2
0.808,0.563,2
0.808,0.563,2
0.808,0.563,2
0.808,0.563,2
0.808,0.562,2
0.807,0.562,2
0.807,0.564,2
0.806,0.568,2
0.805,0.566,2
0.805,0.567,2
0.804,0.557,2
0.803,0.552,2
0.803,0.55,2
0.802,0.548,2
0.802,0.543,2
0.806,0.545,2
0.806,0.543,2
0.804,0.542,2
0.8,0.592,2
0.798,0.564,2
0.796,0.543,2
0.795,0.539,2
0.794,0.538,2
0.793,0.541,2
0.793,0.61,2
0.793,0.842,2
0.795,0.825,2
0.817,0.703,2
0.833,0.572,2
0.794,0.674,2
0.794,0.569,2
0.797,0.851,2
0.8,0.556,2
0.817,0.57,2
0.825,0.569,2
1.696,0.572,3
1.699,0.574,3
0.975,0.776,3
0.968,0.776,3
1.698,0.775,3
1.7,0.774,3
1.696,0.774,3
1.694,0.771,3
1.69,0.769,3
1.683,0.766,3
0.948,0.766,3
0.948,0.762,3
0.931,0.756,3
0.913,0.752,3
1.615,0.745,3
1.598,0.735,3
1.58,0.729,3
1.561,0.726,3
1.544,0.715,3
0.881,0.708,2
0.886,0.704,2
1.484,0.697,3
1.468,0.686,3
1.444,0.682,3
0.881,0.675,2
0.86,0.665,2
1.395,0.659,3
0.867,0.653,2
1.36,0.647,3
1.344,0.641,3
1.335,0.639,3
1.331,0.64,3
1.328,0.636,3
1.327,0.658,3
1.324,0.636,3
1.321,0.635,3
0.886,0.634,2
1.316,0.633,3
1.314,0.632,3
1.316,0.632,3
1.313,0.637,3
1.311,0.634,3
1.311,0.633,3
1.306,0.65,3
1.303,0.632,3
1.3,0.628,3
1.298,0.627,3
1.296,0.626,3
1.295,0.625,3
1.293,0.625,3
1.291,0.624,3
1.286,0.623,3
1.287,0.622,3
1.282,0.622,3
1.278,0.623,3
1.275,0.625,3
1.266,0.633,3
0.846,0.612,2
0.832,0.608,2
1.226,0.602,3
1.207,0.597,3
1.191,0.591,3
0.835,0.583,2
1.158,0.582,3
1.144,0.578,3
1.134,0.575,3
1.121,0.568,3
1.108,0.564,3
1.096,0.559,3
0.781,0.552,2
0.766,0.547,2
0.596,0.543,2
1.04,0.534,3
0.586,0.529,2
0.823,0.524,2
0.802,0.52,2
0.987,0.516,3
0.766,0.51,2
0.762,0.507,2
0.762,0.506,2
0.759,0.506,2
0.759,0.506,2
0.761,0.505,2
0.98,0.504,3
0.983,0.504,3
0.972,0.503,3
0.971,0.502,3
0.97,0.501,3
0.969,0.501,3
0.967,0.501,3
0.966,0.501,3
0.964,0.501,3
0.961,0.5,3
0.951,0.499,3
0.943,0.498,3
0.882,0.497,2
0.865,0.495,2
0.906,0.494,1
0.892,0.493,2
0.876,0.491,2
0.866,0.489,2
0.855,0.489,2
0.844,0.488,2
0.835,0.487,2
0.834,0.486,2
0.835,0.484,2
0.836,0.483,2
0.836,0.483,2
0.836,0.482,2
0.836,0.482,2
0.836,0.481,2
0.839,0.48,2
0.842,0.479,2
1.461,0.477,1
1.111,0.476,1
1.11,0.474,1
1.109,0.473,1
1.104,0.472,1
1.102,0.472,1
1.105,0.472,1
1.105,0.472,1
1.101,0.472,1
1.101,0.472,1
1.103,0.472,1
1.102,0.472,1
1.105,0.472,1
1.098,0.473,1
1.5,0.473,1
1.493,0.474,1
1.486,0.475,1
1.479,0.476,1
1.468,0.478,1
1.46,0.48,1
1.456,0.481,1
1.447,0.483,1
1.436,0.484,1
1.427,0.486,1
1.419,0.488,1
1.412,0.49,1
1.406,0.492,1
1.397,0.494,1
1.389,0.497,3
1.315,0.499,3
1.304,0.502,3
1.299,0.504,3
1.358,0.508,3
1.349,0.512,3
1.339,0.516,3
1.329,0.521,3
1.318,0.527,3
1.306,0.533,3
1.295,0.539,3
1.284,0.545,3
1.266,0.552,3
1.248,0.559,3
1.233,0.566,3
1.212,0.573,3
1.164,0.58,3
1.145,0.587,3
1.123,0.594,3
1.103,0.601,3
1.081,0.608,3
1.061,0.616,3
1.043,0.623,3
1.024,0.63,3
1.005,0.637,3
0.985,0.645,3
0.966,0.652,3
0.947,0.659,3
0.928,0.664,3
0.91,0.668,3
0.893,0.675,2
0.874,0.683,2
0.856,0.689,2
0.837,0.69,2
0.822,0.691,2
1.091,0.693,3
1.088,0.694,3
1.442,0.697,3
1.44,0.695,3
1.445,0.695,3
1.444,0.696,3
1.442,0.697,3
1.439,0.698,3
1.437,0.699,3
1.436,0.699,3
1.435,0.699,3
1.43,0.7,3
1.427,0.701,3
1.422,0.703,3
1.056,0.706,3
1.047,0.709,3
1.041,0.714,3
1.031,0.72,3
1.026,0.726,3
1.018,0.733,3
1.01,0.74,3
0.667,0.747,2
0.645,0.755,2
0.625,0.763,2
0.609,0.77,2
0.593,0.778,2
0.575,0.785,2
0.565,0.788,2
0.554,0.783,2
0.548,0.776,2
0.549,0.774,2
0.553,0.774,2
0.556,0.771,2
0.563,0.77,2
0.569,0.769,2
0.569,0.769,2
0.998,0.768,3
0.995,0.768,3
0.995,0.767,3
0.994,0.766,3
0.996,0.766,3
0.995,0.766,3
0.99,0.766,3
0.985,0.765,3
0.978,0.764,3
0.968,0.763,3
0.956,0.766,3
0.942,0.765,3
0.928,0.768,3
0.913,0.768,3
0.898,0.771,2
0.882,0.771,2
0.865,0.77,2
0.848,0.764,2
0.832,0.765,2
0.816,0.766,2
0.802,0.767,2
0.786,0.768,2
0.781,0.768,2
0.782,0.769,2
0.783,0.768,2
0.785,0.77,2
0.785,0.768,2
0.784,0.767,2
0.784,0.868,2
0.783,0.87,2
0.783,0.87,2
0.782,0.869,2
0.78,0.771,2
0.779,0.766,2
0.778,0.76,2
0.777,0.754,2
0.776,0.749,2
0.776,0.747,2
0.776,0.746,2
0.777,0.748,2
0.777,0.747,2
0.78,0.747,2
0.78,0.747,2
0.779,0.746,2
0.785,0.391,2
1.556,0.386,1
0.828,0.374,2
0.782,0.372,2
0.777,0.371,2
0.776,0.366,2
0.775,0.364,2
0.774,0.366,2
0.776,0.375,2
0.779,0.746,2
0.796,0.75,2
1.807,0.364,1
1.799,0.354,1
1.798,0.352,1
0.944,0.35,1
1.795,0.35,1
0.935,0.35,1
0.942,0.35,1
1.794,0.35,1
1.794,0.35,1
0.938,0.35,1
0.937,0.35,1
0.937,0.35,1
0.943,0.35,1
0.939,0.35,1
0.933,0.35,1
0.936,0.35,1
0.936,0.35,1
0.932,0.35,1
0.935,0.35,1
0.935,0.35,1
0.935,0.35,1
0.935,0.35,1
0.931,0.35,1
0.935,0.35,1
0.931,0.353,1
0.933,0.353,1
0.93,0.744,3
0.923,0.743,3
0.915,0.743,3
0.909,0.74,3
0.902,0.74,3
0.893,0.733,2
0.886,0.726,2
1.717,0.376,1
1.704,0.371,1
2.695,0.372,1
2.682,0.377,1
2.672,0.396,1
2.659,0.692,3
2.647,0.688,3
2.636,0.684,3
2.625,0.68,3
2.616,0.46,1
2.608,0.674,3
2.598,0.461,1
2.586,0.469,1
2.579,0.662,3
2.562,0.658,3
2.552,0.655,3
2.538,0.651,3
1.498,0.647,3
1.48,0.644,3
1.465,0.511,3
1.449,0.527,3
1.429,0.633,3
1.414,0.626,3
1.396,0.582,3
1.378,0.584,3
1.359,0.613,3
1.344,0.614,3
1.325,0.611,3
1.306,0.607,3
2.287,0.603,3
2.266,0.599,3
2.245,0.595,3
2.224,0.591,3
2.204,0.585,3
2.184,0.582,3
2.164,0.579,3
2.145,0.578,3
2.126,0.575,3
2.108,0.572,3
2.089,0.569,3
2.07,0.566,3
2.051,0.563,3
2.032,0.559,3
2.013,0.556,3
1.995,0.553,3
1.976,0.549,3
1.957,0.546,3
1.939,0.542,3
1.92,0.538,3
1.902,0.534,3
1.884,0.53,3
0.592,0.527,2
0.587,0.523,2
0.583,0.519,2
0.576,0.515,2
0.575,0.511,2
0.572,0.507,2
0.568,0.504,2
0.803,0.5,2
0.801,0.498,2
0.802,0.497,2
0.802,0.497,2
0.802,0.496,2
0.802,0.496,2
0.802,0.496,2
0.802,0.495,2
0.802,0.494,2
0.804,0.493,2
1.542,0.492,1
1.542,0.491,1
1.545,0.49,1
1.754,0.489,1
1.754,0.489,1
1.753,0.489,1
1.753,0.489,1
1.754,0.489,1
1.753,0.489,1
1.752,0.488,1
1.749,0.488,1
1.745,0.487,1
0.589,0.487,2
0.59,0.486,2
0.59,0.486,2
1.715,0.484,1
1.706,0.483,1
1.697,0.482,1
1.69,0.481,1
1.684,0.48,1
1.677,0.48,1
1.47,0.48,1
1.663,0.48,1
1.453,0.481,1
1.449,0.481,1
1.435,0.482,1
1.428,0.483,1
1.417,0.485,1
1.415,0.486,1
1.417,0.488,1
1.592,0.49,1
1.581,0.492,1
1.571,0.494,1
1.56,0.496,3
1.55,0.497,3
1.54,0.499,3
1.529,0.502,3
1.518,0.504,3
1.505,0.507,3
1.491,0.511,3
1.476,0.515,3
1.46,0.52,3
1.443,0.524,3
1.426,0.53,3
1.408,0.535,3
1.39,0.541,3
1.372,0.546,3
1.354,0.553,3
1.336,0.558,3
1.318,0.564,3
1.3,0.57,3
1.282,0.576,3
1.264,0.583,3
1.245,0.589,3
1.225,0.595,3
1.206,0.601,3
1.186,0.608,3
1.167,0.614,3
1.147,0.621,3
1.131,0.627,3
1.111,0.633,3
1.091,0.64,3
1.072,0.646,3
1.052,0.653,3
1.03,0.659,3
1.011,0.663,3
0.991,0.67,3
0.972,0.682,3
0.952,0.686,3
0.933,0.693,3
0.914,0.7,3
0.895,0.707,2
0.876,0.714,2
0.857,0.721,2
0.838,0.728,2
0.819,0.735,2
0.801,0.742,2
0.785,0.747,2
0.776,0.748,2
0.777,0.746,2
0.78,0.744,2
0.78,0.744,2
0.78,0.744,2
0.779,0.744,2
0.779,0.744,2
0.779,0.743,2
0.779,0.743,2
0.778,0.743,2
0.778,0.743,2
0.778,0.743,2
0.778,0.742,2
0.778,0.742,2
0.78,0.741,2
0.779,0.744,2
0.774,0.743,2
0.773,0.748,2
0.772,0.743,2
0.771,0.738,2
0.77,0.737,2
0.769,0.737,2
0.768,0.739,2
0.767,0.739,2
0.766,0.743,2
0.766,0.749,2
0.771,1.151,2
0.875,0.746,2
0.818,0.789,2
0.768,0.784,2
0.767,0.783,2
0.767,0.784,2
0.77,0.81,2
0.773,0.769,2
0.786,0.763,2
0.797,0.756,2
1.543,0.753,3
1.544,0.749,3
0.78,0.746,2
1.544,0.743,3
1.543,0.745,3
1.541,0.741,3
1.54,0.741,3
1.539,0.741,3
1.538,0.74,3
1.534,0.739,3
1.527,0.737,3
1.518,0.733,3
1.506,0.729,3
1.492,0.724,3
1.478,0.718,3
1.463,0.712,3
1.446,0.709,3
1.43,0.702,3
1.415,0.696,3
1.397,0.692,3
1.375,0.686,3
1.356,0.676,3
1.337,0.67,3
1.322,0.667,3
1.3,0.657,3
1.281,0.651,3
1.265,0.644,3
1.246,0.638,3
1.226,0.632,3
1.206,0.625,3
1.184,0.619,3
1.164,0.611,3
1.144,0.604,3
1.124,0.598,3
1.108,0.59,3
1.085,0.584,3
1.066,0.58,3
1.048,0.577,3
1.029,0.567,3
1.01,0.561,3
0.755,0.555,2
0.712,0.551,2
0.684,0.542,2
0.669,0.536,2
0.658,0.529,2
0.655,0.52,2
0.886,0.515,2
0.88,0.506,2
0.57,0.504,2
0.568,0.504,2
0.565,0.505,2
0.887,0.505,2
0.886,0.504,2
0.565,0.503,2
0.886,0.502,2
0.889,0.501,2
0.889,0.501,2
0.889,0.5,2
0.888,0.5,2
0.889,0.499,2
0.889,0.498,2
0.889,0.497,2
0.889,0.495,2
0.89,0.494,2
0.89,0.493,2
0.891,0.491,2
0.891,0.49,2
0.888,0.489,2
0.584,0.486,2
0.891,0.484,2
0.893,0.482,2
0.892,0.48,2
0.892,0.479,2
0.893,0.477,2
0.892,0.475,2
0.892,0.473,2
0.892,0.472,2
0.893,0.47,2
0.895,0.467,2
0.887,0.464,2
0.89,0.461,2
0.889,0.459,2
0.888,0.457,2
0.887,0.455,2
0.887,0.453,2
0.886,0.451,2
0.889,0.45,2
0.882,0.452,2
0.887,0.463,2
0.877,0.451,2
0.88,0.447,2
0.879,0.446,2
0.878,0.446,2
0.876,0.445,2
0.876,0.448,2
0.878,0.475,2
0.877,0.504,2
0.879,0.553,2
0.887,0.453,2
0.899,0.457,2
0.877,0.545,2
0.873,0.539,2
0.876,1.053,2
0.882,0.47,2
0.892,0.469,2
3.287,0.474,1
3.284,0.481,1
3.284,0.858,3
3.285,0.855,3
3.285,0.851,3
3.288,0.851,3
3.291,0.851,3
3.285,0.851,3
3.278,0.848,3
3.266,0.845,3
3.256,0.843,3
3.244,0.835,3
3.23,0.832,3
3.215,0.822,3
3.202,0.817,3
3.187,0.593,3
3.163,0.8,3
3.144,0.792,3
3.126,0.788,3
1.022,0.777,3
3.09,0.769,3
3.067,0.765,3
3.051,0.758,3
3.031,0.75,3
0.949,0.74,3
0.929,0.732,3
0.91,0.728,3
2.954,0.718,3
2.935,0.714,3
2.916,0.723,3
2.898,0.714,3
2.88,0.704,3
2.862,0.697,3
2.844,0.689,3
2.826,0.683,3
2.808,0.675,3
2.79,0.686,3
2.771,0.666,3
2.752,0.663,3
2.733,0.673,3
2.714,0.649,3
2.696,0.643,3
2.678,0.636,3
2.659,0.63,3
2.641,0.622,3
2.622,0.613,3
2.601,0.609,3
2.582,0.599,3
2.566,0.596,3
2.547,0.587,3
2.526,0.58,3
2.507,0.574,3
2.488,0.567,3
2.47,0.561,3
2.452,0.557,3
2.434,0.551,3
2.415,0.543,3
2.397,0.537,3
2.378,0.527,3
2.36,0.523,3
2.342,0.535,3
2.323,0.524,3
2.305,0.506,3
2.287,0.503,3
1.923,0.492,1
1.9,0.487,1
1.887,0.483,1
2.211,0.48,1
2.193,0.478,1
2.176,0.479,1
2.159,0.497,3
2.143,0.486,1
2.127,0.503,3
2.112,0.514,3
2.098,0.492,1
2.084,0.479,1
2.071,0.483,1
1.813,0.63,3
1.796,0.482,1
1.789,0.621,3
1.782,0.625,3
1.77,0.597,3
2.001,0.601,3
1.788,0.605,3
1.771,0.571,3
1.964,0.544,3
1.952,0.579,3
1.941,0.522,3
1.927,0.53,3
1.91,0.516,3
1.893,1.428,4
1.876,1.419,4
1.859,1.413,4
1.84,1.405,4
1.82,1.4,4
1.801,1.398,4
1.782,1.394,4
1.763,1.389,4
1.745,1.386,4
1.727,1.381,4
1.633,1.38,4
1.693,1.384,4
1.678,1.412,4
1.663,1.378,4
1.649,1.372,4
1.569,1.369,4
1.559,1.367,4
1.578,1.364,4
1.547,1.361,4
1.555,1.358,4
1.45,1.362,4
1.369,2.692,4
1.358,2.689,4
1.342,2.686,4
1.332,0.753,3
1.347,0.761,3
1.333,0.772,3
1.307,0.775,3
1.3,0.785,3
1.292,0.856,3
1.284,0.935,4
1.276,2.253,4
1.265,1.319,4
1.254,1.324,4
1.245,1.336,4
1.234,2.293,4
1.226,0.832,3
1.211,0.834,3
1.197,0.839,3
1.182,0.843,3
1.163,0.847,3
1.147,0.854,3
1.131,0.86,3
1.115,2.358,4
1.098,2.365,4
1.081,2.372,4
1.064,0.875,3
1.047,0.883,3
1.031,0.891,3
1.014,2.401,4
0.997,2.407,4
0.98,0.895,3
0.966,0.897,3
0.948,0.903,4
0.932,0.908,4
0.915,0.913,4
0.899,0.916,2
0.883,0.922,2
0.867,0.927,2
0.851,0.932,2
0.836,0.938,2
0.822,0.917,2
0.816,0.903,2
0.817,0.897,2
0.817,0.891,2
0.822,0.89,2
0.822,0.894,2
0.822,0.89,2
0.818,0.89,2
0.817,0.89,2
0.816,0.889,2
0.816,0.888,2
0.814,0.887,2
0.814,0.886,2
0.813,0.885,2
0.812,0.884,2
0.815,0.889,2
0.815,0.978,2
0.815,0.898,2
0.813,0.97,2
0.812,0.881,2
0.807,0.877,2
0.806,0.877,2
0.805,0.901,2
0.804,0.963,2
0.803,0.871,2
0.805,0.954,2
0.805,0.887,2
0.807,0.837,2
0.823,0.834,2
0.874,0.83,2
0.806,0.822,2
0.802,0.819,2
0.804,0.818,2
0.807,0.814,2
0.813,0.826,2
0.881,0.798,2
0.892,0.792,2
0.893,0.788,2
0.895,0.785,2
1.265,0.782,3
1.269,0.779,3
1.27,0.786,3
1.27,0.774,3
1.268,0.769,3
1.265,0.776,3
1.259,0.789,3
1.251,0.776,3
1.241,0.77,3
1.229,0.766,3
1.215,0.754,3
1.2,0.752,3
1.076,0.747,3
1.057,0.741,3
1.041,0.739,3
1.025,0.727,3
1.11,0.725,3
1.004,0.719,3
1.071,0.713,3
1.051,0.71,3
1.031,0.708,3
1.012,0.692,3
0.992,0.689,3
0.972,0.687,3
0.95,0.674,3
0.934,0.671,3
0.915,0.665,3
0.893,0.66,2
0.874,0.654,2
0.856,0.648,2
0.837,0.645,2
0.818,0.632,2
0.801,0.634,2
0.786,0.619,2
0.778,0.608,2
0.779,0.603,2
0.782,0.602,2
0.784,0.602,2
0.784,0.603,2
0.784,0.602,2
0.784,0.602,2
0.783,0.601,2
0.783,0.596,2
0.783,0.595,2
0.784,0.594,2
0.784,0.592,2
0.784,0.59,2
0.785,0.589,2
0.786,0.588,2
0.786,0.587,2
0.785,0.59,2
0.784,0.584,2
0.784,0.578,2
0.783,0.576,2
0.783,0.574,2
0.783,0.572,2
0.783,0.57,2
0.782,0.572,2
0.781,0.577,2
0.78,0.568,2
0.779,0.562,2
0.778,0.557,2
0.777,0.555,2
0.776,0.553,2
0.779,0.555,2
0.779,0.553,2
0.773,0.552,2
0.771,0.564,2
0.769,0.552,2
0.767,0.551,2
0.765,0.551,2
0.763,0.55,2
0.762,0.578,2
0.761,0.588,2
0.763,0.798,2
0.766,0.686,2
0.779,0.586,2
0.765,0.681,2
0.761,0.663,2
0.76,0.775,2
0.763,0.813,2
0.766,0.567,2
0.776,0.572,2
0.794,0.577,2
1.65,0.75,3
1.665,0.743,3
1.664,0.741,3
1.664,0.738,3
0.934,0.736,3
0.925,0.736,3
0.917,0.734,3
0.873,0.731,2
0.91,0.727,3
0.892,0.722,2
0.887,0.716,2
0.871,0.71,2
0.856,0.703,2
1.556,0.697,3
1.547,0.692,3
1.536,0.691,3
1.533,0.687,3
1.533,0.686,3
1.531,0.686,3
1.529,0.685,3
1.527,0.685,3
1.524,0.684,3
1.523,0.683,3
1.522,0.682,3
0.904,0.682,3
0.9,0.68,2
0.892,0.676,2
1.492,0.672,3
1.479,0.668,3
0.851,0.666,2
0.844,0.661,2
1.439,0.657,3
0.88,0.655,2
1.415,0.651,3
1.407,0.643,3
1.396,0.636,3
1.385,0.632,3
1.374,0.629,3
1.36,0.622,3
1.348,0.618,3
0.885,0.613,2
1.315,0.608,3
1.302,0.604,3
1.287,0.598,3
1.269,0.593,3
1.252,0.588,3
1.235,0.583,3
1.219,0.579,3
1.203,0.575,3
1.187,0.57,3
0.867,0.565,2
1.154,0.561,3
1.14,0.556,3
1.123,0.552,3
1.106,0.547,3
1.09,0.543,3
1.074,0.539,3
1.06,0.535,3
1.049,0.532,3
1.037,0.528,3
1.021,0.521,3
1.006,0.518,3
0.986,0.516,3
0.967,0.513,3
0.826,0.51,2
0.93,0.508,3
0.855,0.506,2
0.898,0.503,2
0.879,0.501,2
0.863,0.499,2
0.848,0.496,2
0.834,0.494,2
0.824,0.493,2
0.821,0.49,2
0.827,0.49,2
0.828,0.49,2
0.829,0.49,2
0.829,0.49,2
0.828,0.489,2
0.828,0.489,2
0.828,0.488,2
0.831,0.487,2
0.828,0.486,2
0.832,0.485,2
0.831,0.484,2
0.834,0.483,2
1.447,0.482,1
1.101,0.481,1
1.101,0.48,1
1.1,0.479,1
1.1,0.479,1
1.096,0.48,1
1.095,0.479,1
1.098,0.48,1
1.095,0.479,1
1.092,0.48,1
1.086,0.48,1
1.077,0.48,1
0.823,0.481,2
1.473,0.481,1
1.464,0.482,1
1.455,0.483,1
1.446,0.484,1
1.438,0.484,1
1.428,0.485,1
1.421,0.486,1
1.414,0.487,1
1.41,0.488,1
1.403,0.49,1
1.395,0.491,1
1.387,0.493,1
1.379,0.494,1
1.371,0.496,3
1.366,0.497,3
1.355,0.499,3
1.279,0.502,3
1.274,0.504,3
1.33,0.508,3
1.32,0.512,3
1.31,0.517,3
1.298,0.522,3
1.286,0.528,3
1.275,0.534,3
1.264,0.54,3
1.246,0.547,3
1.228,0.554,3
1.21,0.561,3
1.191,0.568,3
1.172,0.575,3
1.156,0.582,3
1.101,0.589,3
1.082,0.596,3
1.06,0.603,3
1.04,0.61,3
1.021,0.618,3
1.002,0.625,3
0.982,0.632,3
0.963,0.64,3
0.945,0.647,3
0.926,0.651,3
0.907,0.655,3
0.889,0.669,2
0.871,0.671,2
0.853,0.676,2
0.835,0.674,2
0.821,0.675,2
1.085,0.68,3
1.469,0.68,3
1.467,0.678,3
1.471,0.676,3
1.471,0.676,3
1.47,0.677,3
1.468,0.678,3
1.463,0.68,3
1.456,0.682,3
1.065,0.685,3
1.056,0.69,3
1.049,0.695,3
1.038,0.701,3
1.029,0.707,3
0.714,0.715,2
0.695,0.723,2
0.672,0.734,2
0.653,0.742,2
0.639,0.75,2
0.625,0.757,2
0.612,0.764,2
0.601,0.767,2
0.595,0.766,2
0.595,0.765,2
0.596,0.761,2
0.597,0.76,2
0.6,0.76,2
0.6,0.759,2
0.603,0.758,2
1.056,0.757,3
1.062,0.756,3
1.062,0.755,3
1.424,0.754,3
1.422,0.754,3
1.421,0.755,3
1.597,0.757,3
1.054,0.758,3
1.595,0.76,3
1.586,0.763,3
1.066,0.767,3
1.219,0.772,3
1.205,0.779,3
0.993,0.782,3
0.976,0.782,3
0.96,0.781,3
0.941,0.781,3
0.925,0.775,3
0.909,0.776,3
0.889,0.777,2
0.872,0.779,2
0.856,0.781,2
0.839,0.784,2
0.822,0.791,2
0.806,0.901,2
0.792,0.902,2
0.779,0.901,2
0.771,0.805,2
0.769,0.8,2
0.77,0.799,2
0.77,0.798,2
0.77,0.794,2
0.77,0.793,2
0.769,0.792,2
0.769,0.791,2
0.769,0.791,2
0.769,0.79,2
0.769,0.789,2
0.768,0.789,2
0.768,0.789,2
0.768,0.788,2
0.768,0.787,2
0.768,0.405,2
0.768,0.397,2
0.77,0.393,2
0.77,0.392,2
0.776,0.39,2
0.784,0.389,2
0.773,0.384,2
0.769,0.386,2
0.768,0.411,2
0.768,0.782,2
0.77,0.43,2
0.774,0.808,2
0.784,0.379,2
1.772,0.372,1
1.768,0.369,1
0.915,0.367,1
0.917,0.747,3
0.912,0.745,3
0.912,0.745,3
0.908,0.746,3
0.908,0.746,3
0.911,0.746,3
0.912,0.745,3
0.905,0.743,3
0.899,0.74,2
0.888,0.736,2
0.879,0.732,2
0.871,0.726,2
0.856,0.393,2
0.849,0.379,2
1.673,0.382,1
1.669,0.386,1
2.672,0.392,1
2.672,0.701,3
2.075,0.404,1
1.671,0.398,1
2.075,0.402,1
2.67,0.43,1
2.666,0.428,1
2.662,0.697,3
2.655,0.695,3
2.648,0.689,3
2.64,0.685,3
2.63,0.682,3
2.62,0.678,3
2.403,0.675,3
2.389,0.481,1
2.585,0.667,3
2.569,0.663,3
2.549,0.659,3
2.325,0.555,3
1.5,0.65,3
1.479,0.536,3
1.458,0.642,3
1.44,0.638,3
1.421,0.633,3
1.412,0.628,3
2.395,0.624,3
1.367,0.619,3
1.348,0.615,3
1.326,0.61,3
1.309,0.606,3
1.286,0.601,3
1.27,0.597,3
1.264,0.592,3
1.248,0.587,3
1.214,0.582,3
1.989,0.578,3
1.97,0.571,3
2.159,0.567,3
1.933,0.565,3
1.917,0.561,3
1.895,0.557,3
1.105,0.553,3
1.088,0.549,3
2.044,0.545,3
2.024,0.541,3
2.004,0.537,3
1.984,0.533,3
1.964,0.529,3
1.943,0.525,3
1.924,0.521,3
1.904,0.517,3
1.885,0.513,3
0.575,0.51,2
0.575,0.506,2
1.828,0.502,3
0.574,0.498,2
1.79,0.494,1
1.773,0.491,1
0.803,0.488,2
0.787,0.485,2
0.776,0.482,2
0.765,0.48,2
0.763,0.478,2
0.766,0.479,2
0.766,0.478,2
0.766,0.478,2
0.766,0.477,2
0.765,0.477,2
0.765,0.473,2
0.767,0.476,2
0.767,0.475,2
0.767,0.474,2
0.779,0.473,2
1.512,0.472,1
1.505,0.471,1
1.514,0.47,1
1.726,0.468,1
1.725,0.468,1
1.724,0.469,1
1.724,0.469,1
1.724,0.469,1
1.724,0.469,1
1.724,0.469,1
1.724,0.469,1
1.723,0.469,1
1.723,0.469,1
1.723,0.468,1
1.723,0.468,1
1.723,0.469,1
1.723,0.468,1
1.722,0.468,1
1.72,0.468,1
0.569,0.468,2
1.711,0.467,1
1.704,0.466,1
1.696,0.466,1
0.57,0.465,2
1.68,0.464,1
1.672,0.463,1
1.663,0.463,1
1.655,0.462,1
1.647,0.461,1
1.639,0.461,1
1.426,0.461,1
1.415,0.462,1
1.413,0.462,1
1.603,0.463,1
1.593,0.464,1
1.38,0.465,1
1.371,0.466,1
1.363,0.467,1
1.355,0.469,1
1.347,0.471,1
1.34,0.472,1
1.332,0.474,1
1.515,0.476,1
1.505,0.478,1
1.494,0.479,1
1.484,0.481,1
1.473,0.482,1
1.464,0.484,1
1.454,0.486,1
1.444,0.488,1
1.434,0.49,1
1.424,0.492,1
1.415,0.494,1
1.406,0.497,3
1.397,0.499,3
1.387,0.502,3
1.377,0.505,3
1.366,0.508,3
1.354,0.512,3
1.34,0.517,3
1.326,0.523,3
1.311,0.528,3
1.298,0.534,3
1.279,0.541,3
1.262,0.549,3
1.245,0.556,3
1.227,0.565,3
1.209,0.571,3
1.192,0.579,3
1.174,0.587,3
1.156,0.595,3
1.141,0.603,3
1.122,0.611,3
1.103,0.619,3
1.084,0.627,3
1.065,0.636,3
1.043,0.645,3
1.024,0.651,3
1.006,0.662,3
0.988,0.67,3
0.97,0.678,3
0.952,0.687,3
0.933,0.696,3
0.915,0.705,3
0.897,0.714,2
0.878,0.722,2
0.86,0.73,2
0.843,0.738,2
0.825,0.746,2
0.809,0.753,2
0.794,0.759,2
0.785,0.762,2
0.784,0.76,2
0.787,0.759,2
0.788,0.758,2
0.789,0.758,2
0.788,0.758,2
0.788,0.758,2
0.791,0.758,2
0.791,0.757,2
0.789,0.757,2
0.785,0.759,2
0.784,0.758,2
0.783,0.766,2
0.783,0.76,2
0.782,0.759,2
0.782,0.759,2
0.781,0.755,2
0.78,0.755,2
0.779,0.754,2
0.777,0.754,2
0.776,0.754,2
0.775,0.757,2
0.774,0.757,2
0.774,0.76,2
0.773,0.764,2
0.776,0.794,2
0.778,0.803,2
0.783,0.763,2
0.826,0.795,2
0.776,0.792,2
0.775,0.769,2
0.775,0.789,2
0.778,0.805,2
0.778,0.775,2
0.784,0.768,2
0.805,0.765,2
1.529,0.762,3
1.531,0.758,3
0.791,0.756,2
1.532,0.753,3
1.53,0.752,3
1.529,0.751,3
1.528,0.751,3
1.528,0.751,3
1.527,0.75,3
1.527,0.75,3
1.525,0.75,3
1.521,0.748,3
1.514,0.745,3
1.504,0.742,3
1.493,0.738,3
1.48,0.732,3
1.465,0.726,3
1.45,0.72,3
1.433,0.714,3
1.416,0.706,3
1.397,0.7,3
1.379,0.693,3
1.361,0.686,3
1.342,0.679,3
1.323,0.673,3
1.304,0.666,3
1.285,0.658,3
1.267,0.652,3
1.248,0.645,3
1.229,0.638,3
1.209,0.631,3
1.19,0.624,3
1.17,0.617,3
1.151,0.609,3
1.132,0.602,3
1.114,0.595,3
1.096,0.587,3
1.078,0.58,3
1.06,0.573,3
1.042,0.566,3
1.024,0.559,3
1.006,0.551,3
0.987,0.544,3
0.969,0.536,3
0.715,0.529,2
0.677,0.522,2
0.651,0.514,2
0.628,0.506,2
0.606,0.498,2
0.591,0.49,2
0.585,0.484,2
0.573,0.478,2
0.835,0.479,2
0.837,0.483,2
0.839,0.482,2
0.839,0.481,2
0.839,0.479,2
0.837,0.476,2
0.831,0.475,2
0.834,0.47,2
0.834,0.47,2
0.831,0.469,2
0.831,0.468,2
0.527,0.466,2
0.832,0.464,2
0.836,0.462,2
0.839,0.46,2
0.842,0.455,2
0.843,0.456,2
0.843,0.454,2
0.841,0.453,2
0.838,0.451,2
0.838,0.449,2
0.838,0.447,2
0.834,0.445,2
0.837,0.443,2
0.845,0.441,2
0.846,0.439,2
0.845,0.437,2
0.845,0.435,2
0.846,0.433,2
0.847,0.431,2
0.836,0.428,2
0.835,0.425,2
0.834,0.423,2
0.834,0.42,2
0.842,0.417,2
0.841,0.415,2
0.841,0.414,2
0.844,0.412,2
0.843,0.411,2
0.831,0.413,2
0.827,0.414,2
0.826,0.413,2
0.825,0.408,2
0.826,0.408,2
0.828,0.408,2
0.83,0.411,2
0.829,0.423,2
0.828,0.441,2
0.83,0.467,2
0.836,0.418,2
0.84,0.419,2
5,0.427,1
0.828,0.484,2
0.827,0.999,2
0.83,0.431,2
0.832,0.433,2
0.835,0.434,2
0.835,0.43,2
0.835,0.43,2
0.835,0.43,2
0.839,0.428,2
0.852,0.431,2
0.856,0.432,2
3.332,0.433,1
3.333,0.437,1
3.334,0.442,1
3.334,0.453,1
3.335,0.817,3
3.334,0.818,3
3.334,0.801,3
3.333,0.818,3
3.332,0.814,3
3.329,0.817,3
3.323,0.81,3
3.314,0.803,3
3.302,0.799,3
3.288,0.79,3
3.271,0.783,3
3.256,0.78,3
3.242,0.77,3
3.224,0.762,3
3.203,0.754,3
3.188,0.591,3
3.168,0.741,3
3.149,0.632,3
3.129,0.654,3
3.11,0.715,3
0.881,0.707,2
3.071,0.699,3
3.051,0.691,3
3.031,0.683,3
3.012,0.675,3
2.994,0.668,3
2.973,0.661,3
2.957,0.654,3
2.94,0.648,3
0.811,0.641,2
0.795,0.638,2
0.778,0.648,2
0.781,0.636,2
2.859,0.629,3
0.749,0.62,2
2.835,0.612,3
2.829,0.608,3
2.828,0.607,3
2.828,0.604,3
2.827,0.607,3
2.826,0.608,3
2.825,0.607,3
2.823,0.607,3
2.821,0.606,3
2.819,0.606,3
2.817,0.606,3
2.815,0.605,3
2.813,0.605,3
2.809,0.6,3
2.801,0.599,3
2.791,0.6,3
2.78,0.597,3
2.767,0.592,3
2.752,0.589,3
2.736,0.587,3
2.719,0.58,3
2.702,0.575,3
2.684,0.565,3
2.665,0.562,3
2.647,0.558,3
2.628,0.558,3
2.609,0.575,3
2.589,0.538,3
2.569,0.529,3
2.55,0.523,3
2.53,0.512,3
2.51,0.512,3
2.491,0.503,3
2.471,0.496,3
2.451,0.486,1
2.431,0.479,1
2.411,0.47,1
2.391,0.464,1
2.372,0.458,1
2.354,0.452,1
2.337,0.448,1
2.32,0.444,1
2.304,0.441,1
2.288,0.439,1
2.274,0.44,1
2.258,0.439,1
2.248,0.445,1
2.233,0.45,1
2.222,0.449,1
2.214,0.459,1
2.205,0.466,1
2.195,0.445,1
2.184,0.441,1
2.179,0.437,1
2.181,0.436,1
2.181,0.436,1
2.179,0.436,1
2.179,0.436,1
2.181,0.436,1
2.177,0.436,1
2.174,0.436,1
2.169,0.436,1
2.163,0.436,1
2.155,0.507,3
2.147,0.444,1
2.138,0.442,1
2.129,0.487,1
2.119,0.486,1
2.107,0.495,3
2.096,3.091,4
2.085,3.097,4
2.074,0.457,1
2.062,0.458,1
2.049,0.462,1
2.035,0.473,1
2.021,0.492,1
2.008,0.481,1
1.995,1.464,4
1.981,1.455,4
1.968,1.452,4
1.956,1.447,4
1.943,1.446,4
1.931,1.444,4
1.918,1.442,4
1.905,1.441,4
1.891,1.437,4
1.877,1.435,4
1.862,1.434,4
1.848,1.433,4
1.833,1.431,4
1.818,1.43,4
1.804,1.431,4
1.79,1.43,4
1.776,1.431,4
1.762,1.44,4
1.686,1.432,4
1.677,1.424,4
1.658,1.422,4
1.646,1.421,4
1.637,0.664,3
1.524,0.665,3
1.425,0.675,3
1.418,0.686,3
1.416,0.693,3
1.403,0.696,3
1.393,0.795,3
1.413,0.805,3
1.414,0.819,3
1.41,0.83,3
1.359,0.915,4
1.345,0.982,4
1.332,2.168,4
1.318,0.88,3
1.304,2.192,4
1.29,2.204,4
1.277,2.217,4
1.263,2.229,4
1.249,1.292,4
1.236,1.297,4
1.223,1.305,4
1.21,1.312,4
1.201,1.319,4
1.19,2.29,4
1.181,2.298,4
1.17,2.304,4
1.157,1.762,4
1.144,1.772,4
1.132,2.326,4
1.12,2.333,4
1.108,2.34,4
1.096,2.347,4
1.083,0.844,3
1.071,0.848,3
1.059,0.814,3
1.046,0.82,3
1.032,0.82,3
1.017,0.859,3
0.999,0.825,3
0.982,0.828,3
0.965,0.831,3
0.947,0.829,3
0.929,0.828,3
0.91,0.83,3
0.891,0.833,2
0.872,0.835,2
0.853,0.835,2
0.834,0.837,2
0.814,0.84,2
0.796,0.843,2
0.78,0.845,2
0.775,0.844,2
0.778,0.843,2
0.78,0.842,2
0.782,0.841,2
0.783,0.841,2
0.782,0.844,2
0.782,0.844,2
0.782,0.842,2
0.783,0.845,2
0.786,0.841,2
0.783,0.84,2
0.784,0.838,2
0.787,0.834,2
0.786,0.833,2
0.786,0.831,2
0.782,0.829,2
0.781,0.828,2
0.78,0.826,2
0.78,0.825,2
0.779,0.823,2
0.779,0.822,2
0.781,0.83,2
0.781,0.905,2
0.78,0.834,2
0.778,0.825,2
0.772,0.831,2
0.77,0.821,2
0.769,0.82,2
0.768,0.854,2
0.767,0.89,2
0.766,0.884,2
0.766,0.826,2
0.769,0.822,2
0.768,0.798,2
0.78,0.794,2
0.796,0.791,2
0.767,0.787,2
0.766,0.784,2
0.766,0.78,2
0.768,0.773,2
0.771,0.77,2
0.784,0.767,2
0.843,0.763,2
0.885,0.755,2
0.887,0.752,2
0.885,0.749,2
1.333,0.748,3
1.338,0.742,3
1.339,0.735,3
1.335,0.733,3
1.333,0.732,3
1.331,0.732,3
1.329,0.732,3
1.323,0.732,3
1.315,0.731,3
1.304,0.731,3
1.295,0.724,3
1.28,0.719,3
1.264,0.715,3
1.247,0.71,3
1.23,0.709,3
1.211,0.7,3
1.048,0.694,3
1.025,0.689,3
1.005,0.684,3
0.988,0.678,3
0.971,0.673,3
0.955,0.667,3
0.938,0.662,3
0.922,0.656,3
0.905,0.65,3
0.886,0.638,2
0.954,0.627,3
0.935,0.618,3
0.915,0.612,3
0.897,0.606,2
0.88,0.601,2
0.864,0.597,2
0.849,0.593,2
0.835,0.589,2
0.824,0.585,2
0.822,0.583,2
0.825,0.578,2
0.826,0.578,2
0.826,0.582,2
0.826,0.578,2
0.826,0.578,2
0.826,0.577,2
0.826,0.576,2
0.827,0.572,2
0.827,0.572,2
0.827,0.572,2
0.827,0.571,2
0.827,0.57,2
0.828,0.569,2
0.828,0.568,2
0.828,0.566,2
0.828,0.564,2
0.828,0.564,2
0.826,0.562,2
0.826,0.561,2
0.825,0.566,2
0.825,0.565,2
0.825,0.565,2
0.825,0.565,2
0.825,0.56,2
0.826,0.559,2
0.825,0.554,2
0.826,0.553,2
0.826,0.552,2
0.826,0.55,2
0.827,0.549,2
0.827,0.547,2
0.828,0.546,2
0.827,0.545,2
0.826,0.547,2
0.825,0.55,2
0.823,0.547,2
0.822,0.545,2
0.821,0.538,2
0.82,0.532,2
0.82,0.53,2
0.82,0.529,2
0.82,0.528,2
0.823,0.527,2
0.821,0.527,2
0.824,0.526,2
0.824,0.526,2
0.823,0.525,2
0.822,0.524,2
0.818,0.527,2
0.817,0.527,2
0.816,0.542,2
0.816,0.707,2
0.814,0.524,2
0.813,0.52,2
0.813,0.523,2
0.812,0.527,2
0.812,0.572,2
0.811,0.867,2
0.813,0.842,2
0.879,0.838,2
0.816,0.548,2
0.812,0.667,2
0.811,0.665,2
0.814,0.666,2
0.817,0.546,2
1.554,0.538,3
0.837,0.805,2
0.903,0.549,3
1.58,0.799,3
1.719,0.795,3
1.721,0.793,3
1.717,0.793,3
1.717,0.796,3
1.716,0.793,3
1.715,0.796,3
1.569,0.791,3
1.566,0.792,3
1.696,0.788,3
1.685,0.78,3
1.669,0.775,3
0.902,0.616,3
1.637,0.632,3
1.62,0.753,3
1.596,0.745,3
1.569,0.737,3
1.553,0.729,3
1.552,0.721,3
1.533,0.712,3
0.835,0.704,2
0.806,0.697,2
0.791,0.688,2
0.78,0.68,2
0.858,0.672,2
1.416,0.664,3
1.407,0.657,3
1.403,0.652,3
1.401,0.65,3
0.854,0.651,2
0.857,0.651,2
1.404,0.652,3
0.854,0.65,2
0.851,0.65,2
0.855,0.649,2
0.851,0.649,2
0.847,0.649,2
0.847,0.651,2
0.853,0.651,2
1.395,0.649,3
1.394,0.656,3
1.394,0.645,3
1.392,0.643,3
1.391,0.643,3
1.389,0.643,3
1.387,0.642,3
1.382,0.641,3
0.858,0.635,2
1.364,0.631,3
1.348,0.627,3
1.334,0.622,3
1.316,0.617,3
0.907,0.612,3
1.291,0.607,3
1.275,0.603,3
1.262,0.599,3
1.242,0.594,3
1.226,0.59,3
1.209,0.585,3
1.191,0.58,3
1.171,0.576,3
1.153,0.572,3
1.136,0.567,3
1.118,0.562,3
1.1,0.557,3
1.084,0.552,3
1.066,0.547,3
1.047,0.542,3
0.842,0.537,2
0.815,0.531,2
0.992,0.526,3
0.977,0.521,3
0.958,0.516,3
0.746,0.512,2
0.729,0.508,2
0.91,0.504,3
0.895,0.5,2
0.888,0.497,2
0.868,0.493,2
0.858,0.489,2
0.852,0.487,2
0.853,0.487,2
0.854,0.487,2
0.854,0.487,2
0.854,0.486,2
0.853,0.486,2
0.853,0.485,2
0.852,0.484,2
0.852,0.483,2
0.851,0.482,2
0.847,0.481,2
0.846,0.48,2
0.846,0.479,2
0.849,0.476,2
0.848,0.474,2
0.848,0.473,2
0.848,0.473,2
0.851,0.472,2
0.851,0.471,2
0.851,0.471,2
1.482,0.469,1
1.482,0.468,1
1.132,0.466,1
1.54,0.465,1
1.132,0.464,1
1.117,0.463,1
1.12,0.464,1
1.132,0.464,1
1.125,0.464,1
1.12,0.465,1
1.114,0.465,1
1.109,0.466,1
1.103,0.466,1
1.104,0.468,1
1.504,0.469,1
1.496,0.47,1
1.485,0.472,1
1.476,0.473,1
1.468,0.475,1
1.46,0.476,1
1.451,0.478,1
1.443,0.479,1
1.435,0.481,1
1.427,0.483,1
1.419,0.485,1
1.412,0.487,1
1.404,0.489,1
1.399,0.492,1
1.391,0.495,3
1.321,0.497,3
1.306,0.499,3
1.298,0.502,3
1.289,0.505,3
1.279,0.509,3
1.271,0.513,3
1.329,0.517,3
1.318,0.522,3
1.307,0.526,3
1.294,0.531,3
1.282,0.538,3
1.268,0.545,3
1.25,0.552,3
1.232,0.56,3
1.214,0.567,3
1.198,0.574,3
1.178,0.581,3
1.127,0.587,3
1.105,0.594,3
1.082,0.6,3
1.062,0.607,3
1.043,0.615,3
1.024,0.623,3
1.004,0.631,3
0.985,0.639,3
0.966,0.647,3
0.947,0.655,3
0.929,0.662,3
0.914,0.669,3
0.897,0.676,2
0.885,0.684,2
1.124,0.681,3
1.116,0.683,3
1.497,0.686,3
1.479,0.689,3
1.462,0.694,3
1.446,0.7,3
1.431,0.705,3
1.058,0.711,3
1.047,0.716,3
1.039,0.721,3
1.031,0.727,3
1.023,0.733,3
0.684,0.74,2
0.663,0.75,2
0.648,0.757,2
0.632,0.765,2
0.617,0.772,2
0.604,0.776,2
0.592,0.779,2
0.591,0.775,2
1.04,0.774,3
1.041,0.772,3
1.042,0.772,3
1.041,0.772,3
1.039,0.773,3
1.037,0.774,3
1.036,0.774,3
1.034,0.775,3
1.033,0.776,3
1.032,0.776,3
1.03,0.777,3
1.029,0.777,3
1.027,0.778,3
1.026,0.778,3
1.025,0.778,3
1.02,0.779,3
1.02,0.78,3
1.015,0.779,3
1.007,0.778,3
0.997,0.78,3
0.983,0.779,3
0.974,0.782,3
0.96,0.808,3
0.945,0.782,3
0.93,0.785,3
0.914,0.782,3
0.895,0.782,2
0.875,0.779,2
0.859,0.78,2
0.842,0.782,2
0.823,0.784,2
0.808,0.786,2
0.795,0.787,2
0.789,0.787,2
0.79,0.789,2
0.791,0.791,2
0.792,0.794,2
0.792,0.892,2
0.792,0.888,2
0.792,0.891,2
0.792,0.887,2
0.792,0.887,2
0.792,0.887,2
0.792,0.886,2
0.791,0.885,2
0.79,0.791,2
0.79,0.789,2
0.789,0.784,2
0.788,0.779,2
0.787,0.773,2
0.786,0.771,2
0.785,0.77,2
0.787,0.768,2
0.79,0.398,2
0.8,0.389,2
0.785,0.387,2
0.785,0.384,2
0.784,0.383,2
0.787,0.777,2
0.786,0.765,2
0.793,0.863,2
0.81,0.78,2
0.82,0.371,2
1.799,0.368,1
0.949,0.366,1
0.944,0.364,1
0.94,0.761,3
0.939,0.76,3
0.942,0.767,3
0.939,0.76,3
0.942,0.76,3
0.937,0.76,3
0.933,0.77,3
0.926,0.865,3
0.914,0.75,3
0.911,0.746,3
1.742,0.742,3
1.726,0.384,1
1.708,0.386,1
1.693,0.389,1
2.678,0.396,1
2.089,0.438,1
2.642,0.444,1
2.625,0.698,3
2.609,0.693,3
2.593,0.688,3
2.579,0.683,3
2.564,0.678,3
2.551,0.471,1
2.537,0.48,1
2.524,0.662,3
2.51,0.658,3
0.723,0.577,2
2.481,0.649,3
2.467,0.559,3
2.451,0.64,3
1.984,0.626,3
1.413,0.631,3
1.967,0.607,3
1.965,0.623,3
0.69,0.619,2
2.356,0.615,3
1.329,0.61,3
1.309,0.606,3
1.292,0.601,3
1.275,0.597,3
1.266,0.592,3
1.247,0.588,3
1.228,0.583,3
1.231,0.582,3
2.2,0.575,3
2.182,0.568,3
2.163,0.565,3
1.156,0.562,3
2.125,0.559,3
2.105,0.555,3
2.086,0.551,3
2.067,0.547,3
2.047,0.544,3
2.027,0.54,3
2.007,0.536,3
1.988,0.533,3
1.968,0.529,3
1.949,0.526,3
1.93,0.522,3
1.91,0.519,3
1.891,0.516,3
0.914,0.512,3
0.884,0.509,2
0.867,0.506,2
0.848,0.503,2
0.831,0.499,2
0.816,0.496,2
0.802,0.493,2
0.789,0.49,2
0.783,0.488,2
0.784,0.487,2
0.802,0.487,2
0.802,0.486,2
1.528,0.486,1
1.525,0.485,1
1.525,0.485,1
1.528,0.485,1
1.525,0.485,1
1.524,0.485,1
1.527,0.485,1
1.526,0.485,1
1.523,0.485,1
1.522,0.485,1
1.525,0.485,1
1.522,0.485,1
1.522,0.484,1
1.521,0.485,1
1.521,0.484,1
1.524,0.484,1
1.527,0.484,1
1.523,0.484,1
1.523,0.484,1
1.525,0.484,1
1.522,0.484,1
1.525,0.484,1
1.527,0.483,1
1.527,0.483,1
1.523,0.483,1
1.735,0.483,1
1.735,0.483,1
1.525,0.483,1
1.734,0.483,1
1.733,0.483,1
1.525,0.483,1
1.733,0.483,1
1.732,0.483,1
1.732,0.483,1
1.731,0.483,1
1.731,0.483,1
1.731,0.482,1
1.731,0.482,1
1.731,0.482,1
1.731,0.482,1
1.729,0.483,1
1.726,0.482,1
1.722,0.482,1
1.716,0.481,1
1.707,0.48,1
0.583,0.479,2
0.584,0.478,2
1.678,0.477,1
1.668,0.477,1
1.658,0.476,1
1.65,0.475,1
1.644,0.475,1
1.637,0.475,1
1.431,0.475,1
1.425,0.475,1
1.617,0.475,1
1.417,0.476,1
1.403,0.476,1
1.392,0.478,1
1.384,0.478,1
1.376,0.479,1
1.371,0.481,1
1.363,0.483,1
1.355,0.484,1
1.532,0.486,1
1.522,0.488,1
1.511,0.49,1
1.501,0.492,1
1.491,0.494,1
1.481,0.495,3
1.471,0.498,3
1.461,0.5,3
1.45,0.502,3
1.44,0.505,3
1.427,0.509,3
1.414,0.513,3
1.398,0.517,3
1.383,0.522,3
1.367,0.527,3
1.35,0.532,3
1.332,0.538,3
1.314,0.544,3
1.297,0.55,3
1.279,0.556,3
1.262,0.562,3
1.244,0.568,3
1.226,0.574,3
1.207,0.581,3
1.189,0.588,3
1.17,0.594,3
1.151,0.601,3
1.132,0.608,3
1.112,0.615,3
1.093,0.621,3
1.073,0.628,3
1.056,0.635,3
1.037,0.642,3
1.014,0.646,3
0.994,0.654,3
0.974,0.666,3
0.956,0.67,3
0.937,0.678,3
0.919,0.685,3
0.9,0.692,2
0.882,0.699,2
0.864,0.706,2
0.846,0.714,2
0.828,0.72,2
0.811,0.727,2
0.798,0.731,2
0.793,0.731,2
0.794,0.729,2
0.796,0.727,2
0.797,0.727,2
0.797,0.727,2
0.796,0.727,2
0.796,0.727,2
0.795,0.727,2
0.795,0.726,2
0.798,0.726,2
0.797,0.725,2
0.796,0.725,2
0.792,0.727,2
0.791,0.739,2
0.789,0.728,2
0.788,0.727,2
0.787,0.723,2
0.786,0.722,2
0.785,0.721,2
0.784,0.721,2
0.783,0.724,2
0.783,0.727,2
0.783,0.733,2
0.785,1.152,2
0.896,0.73,2
0.835,0.733,2
0.784,0.736,2
0.783,0.754,2
0.786,0.827,2
0.785,0.757,2
0.792,0.785,2
0.809,0.779,2
0.819,0.772,2
1.564,0.75,3
1.565,0.758,3
1.566,0.761,3
1.566,0.758,3
1.564,0.776,3
1.557,0.758,3
1.557,0.758,3
1.556,0.757,3
1.555,0.757,3
1.552,0.755,3
1.545,0.753,3
1.535,0.746,3
1.524,0.742,3
1.511,0.74,3
1.496,0.735,3
1.48,0.729,3
1.463,0.724,3
1.447,0.717,3
1.429,0.71,3
1.411,0.704,3
1.392,0.7,3
1.377,0.699,3
1.355,0.689,3
1.336,0.684,3
1.318,0.677,3
1.298,0.671,3
1.278,0.665,3
1.261,0.656,3
1.241,0.65,3
1.22,0.643,3
1.196,0.633,3
1.178,0.626,3
1.154,0.619,3
1.135,0.612,3
1.115,0.605,3
1.096,0.599,3
1.078,0.593,3
1.06,0.586,3
1.042,0.58,3
1.024,0.573,3
0.775,0.567,2
0.763,0.561,2
0.71,0.555,2
0.698,0.548,2
0.68,0.545,2
0.667,0.539,2
0.901,0.533,3
0.897,0.526,2
0.9,0.522,2
0.905,0.522,3
0.905,0.522,3
0.904,0.521,3
0.578,0.521,2
0.901,0.521,3
0.901,0.52,3
0.576,0.519,2
0.574,0.516,2
0.573,0.513,2
0.571,0.51,2
0.862,0.507,2
0.853,0.503,2
0.842,0.501,2
0.835,0.499,2
0.833,0.497,2
0.834,0.497,2
0.835,0.496,2
0.835,0.495,2
0.836,0.495,2
0.837,0.494,2
0.838,0.493,2
0.84,0.492,2
0.841,0.49,2
0.843,0.489,2
0.84,0.488,2
0.84,0.486,2
0.587,0.484,2
0.845,0.481,2
0.846,0.479,2
0.845,0.477,2
0.845,0.474,2
0.845,0.473,2
0.844,0.471,2
0.844,0.469,2
0.84,0.468,2
0.836,0.464,2
0.838,0.461,2
0.84,0.459,2
0.839,0.456,2
0.839,0.454,2
0.839,0.451,2
0.839,0.449,2
0.842,0.448,2
0.833,0.446,2
0.84,0.451,2
0.827,0.446,2
0.833,0.445,2
0.832,0.443,2
0.831,0.443,2
0.83,0.442,2
0.829,0.445,2
0.828,0.458,2
0.828,0.483,2
0.83,0.523,2
0.867,0.452,2
0.844,0.453,2
0.832,0.474,2
0.829,0.521,2
0.828,0.85,2
0.831,0.473,2
0.834,0.465,2
0.85,0.463,2
3.3,0.468,1
3.301,0.47,1
3.302,0.479,1
3.3,0.812,3
3.3,0.808,3
3.299,0.808,3
3.298,0.811,3
3.294,0.806,3
3.287,0.803,3
3.281,0.8,3
3.272,0.795,3
3.256,0.79,3
3.238,0.784,3
0.979,0.776,3
3.21,0.572,3
3.196,0.586,3
3.174,0.754,3
3.153,0.749,3
3.137,0.738,3
3.118,0.73,3
3.099,0.722,3
3.077,0.714,3
3.061,0.707,3
3.041,0.702,3
3.022,0.692,3
3.002,0.688,3
2.983,0.68,3
0.859,0.674,2
0.84,0.667,2
0.822,0.663,2
2.909,0.667,3
2.892,0.652,3
2.876,0.643,3
2.861,0.638,3
2.846,0.634,3
2.833,0.627,3
2.82,0.623,3
2.808,0.62,3
2.796,0.618,3
2.783,0.615,3
2.769,0.614,3
2.754,0.609,3
2.738,0.599,3
2.722,0.597,3
2.704,0.588,3
2.686,0.583,3
2.668,0.578,3
2.65,0.573,3
2.631,0.568,3
2.612,0.563,3
2.593,0.558,3
2.573,0.553,3
2.553,0.548,3
2.533,0.543,3
2.513,0.539,3
2.493,0.534,3
2.473,0.53,3
2.453,0.525,3
2.433,0.52,3
2.411,0.516,3
2.394,0.512,3
2.371,0.508,3
2.351,0.504,3
2.332,0.501,3
2.312,0.499,3
2.292,0.5,3
2.272,0.516,3
2.253,0.51,3
2.233,0.503,3
2.212,0.502,3
2.192,0.502,3
2.172,0.504,3
2.152,0.506,3
2.132,0.602,3
2.112,0.513,3
2.093,0.591,3
2.074,0.57,3
1.972,0.566,3
1.952,0.573,3
1.874,1.496,4
1.855,1.492,4
1.836,1.488,4
1.817,1.485,4
1.797,1.481,4
1.779,1.481,4
1.76,1.474,4
1.742,1.473,4
1.724,1.466,4
1.706,1.466,4
1.688,1.462,4
1.671,1.459,4
1.659,1.456,4
1.641,1.457,4
1.626,1.477,4
1.612,1.485,4
1.598,1.449,4
1.584,1.446,4
1.57,1.444,4
1.557,1.442,4
1.545,1.439,4
1.47,1.444,4
1.44,2.738,4
1.431,0.821,3
1.424,0.828,3
1.433,0.833,3
1.436,0.84,3
1.411,0.853,3
1.395,0.988,4
1.389,2.278,4
1.382,2.283,4
1.37,1.432,4
1.357,1.746,4
1.346,1.748,4
1.335,1.754,4
1.327,1.762,4
1.318,1.774,4
1.306,2.35,4
1.292,2.359,4
1.279,1.001,4
1.267,2.373,4
1.251,2.38,4
1.238,2.387,4
1.229,2.394,4
1.216,2.401,4
1.204,2.408,4
1.191,2.415,4
1.177,2.424,4
1.163,2.429,4
1.149,1.6,4
1.132,1.601,4
1.119,0.943,4
1.105,0.94,4
1.091,0.938,4
1.08,0.938,4
1.067,0.938,4
1.053,0.939,4
1.038,0.933,4
1.019,0.933,4
1.005,0.933,4
0.991,0.933,4
0.975,0.933,4
0.961,0.935,4
0.946,0.935,4
0.935,0.937,4
0.922,0.939,4
0.908,2.468,4
0.894,2.47,2
0.876,2.483,2
0.862,3.642,2
0.848,3.646,2
0.835,3.652,2
0.823,3.658,2
0.815,0.885,2
0.815,3.663,2
0.818,3.661,2
0.82,4.409,2
0.822,4.409,2
0.822,4.409,2
0.821,4.408,2
0.821,3.672,2
0.822,0.914,2
0.826,0.906,2
0.827,0.908,2
0.827,0.862,2
0.828,0.856,2
0.827,0.854,2
0.824,0.849,2
0.823,0.847,2
0.822,0.845,2
0.822,0.843,2
0.822,0.842,2
0.823,0.84,2
0.823,0.844,2
0.824,0.838,2
0.826,0.831,2
0.822,0.83,2
0.821,0.827,2
0.821,0.825,2
0.82,0.823,2
0.82,0.822,2
0.82,0.824,2
0.823,0.865,2
0.822,0.82,2
0.821,0.815,2
0.816,0.81,2
0.815,0.808,2
0.814,0.806,2
0.813,0.804,2
0.813,0.809,2
0.816,0.919,2
0.816,0.916,2
0.817,0.813,2
0.81,0.805,2
0.809,0.801,2
0.807,0.8,2
0.806,0.823,2
0.806,0.863,2
0.805,0.859,2
0.808,0.887,2
0.808,0.896,2
0.807,0.868,2
0.826,0.841,2
0.825,0.834,2
0.841,0.826,2
0.805,0.823,2
0.808,0.829,2
0.808,0.825,2
0.814,0.805,2
0.871,0.798,2
0.889,0.794,2
0.932,0.792,3
0.934,0.792,3
0.926,0.789,3
1.213,0.783,3
1.352,0.782,3
1.349,0.782,3
1.343,0.781,3
1.335,0.781,3
0.91,0.776,3
0.897,0.768,2
1.297,0.766,3
1.282,0.759,3
1.265,0.753,3
1.249,0.745,3
1.233,0.738,3
1.217,0.732,3
1.201,0.725,3
1.184,0.718,3
1.168,0.712,3
1.151,0.706,3
1.133,0.699,3
1.116,0.692,3
1.098,0.686,3
1.08,0.678,3
1.062,0.672,3
1.043,0.665,3
1.024,0.657,3
0.894,0.649,2
0.873,0.642,2
0.967,0.635,3
0.854,0.628,2
